score,max_tile,board_state
1364,128,[1 2 4 1 5 4 7 2 2 6 4 1 1 3 1 4]
1444,128,[1 4 2 1 4 7 3 4 2 4 5 3 1 6 4 1]
928,64,[1 5 1 2 3 4 6 1 5 3 1 2 6 1 2 1]
860,64,[1 2 1 4 6 5 2 1 1 2 6 4 3 1 3 2]
1412,128,[1 4 2 1 2 7 5 2 4 6 2 3 2 5 1 2]
1272,128,[2 5 1 2 1 2 7 5 4 5 4 2 1 4 2 1]
424,32,[1 2 1 2 2 5 3 4 4 1 4 5 1 3 2 1]
760,64,[2 4 2 3 1 6 3 5 4 3 5 3 1 2 4 2]
764,64,[1 3 2 1 3 6 1 2 1 3 4 1 4 2 6 2]
1140,128,[1 3 4 1 2 4 5 3 1 7 3 2 2 1 5 1]
1072,128,[1 2 4 1 2 4 1 7 4 5 4 3 1 2 3 1]
564,64,[2 1 6 1 3 2 1 4 2 5 4 2 3 1 2 1]
636,64,[2 5 2 1 1 3 4 3 4 2 6 1 2 3 1 4]
1204,128,[2 4 2 1 4 5 4 3 2 7 1 5 1 2 4 1]
1324,128,[2 1 3 1 4 2 4 2 2 7 5 3 1 3 6 2]
576,64,[2 5 2 1 3 2 4 3 6 1 3 1 1 3 4 2]
1140,128,[1 4 3 1 2 3 5 3 3 5 4 2 2 7 2 1]
1632,128,[2 7 3 2 5 2 4 3 6 4 6 2 1 3 2 1]
236,32,[2 1 2 1 3 2 5 3 2 1 4 2 1 3 2 1]
1912,128,[2 1 3 2 7 3 6 1 3 7 4 2 1 2 3 1]
1072,128,[1 3 2 1 3 5 3 4 4 7 2 1 2 3 1 4]
1088,128,[1 3 2 1 2 4 7 4 4 2 5 1 1 4 1 2]
616,64,[1 3 4 1 2 4 6 3 3 5 4 2 1 2 3 1]
1472,128,[1 2 6 1 2 3 2 4 3 7 3 1 2 1 6 2]
1008,128,[3 1 2 1 1 7 3 2 2 5 2 4 1 4 1 3]
1016,128,[1 2 5 2 2 4 7 1 3 1 2 3 1 3 4 1]
2148,256,[2 1 4 2 1 3 8 1 2 5 4 3 1 2 5 1]
1180,128,[2 3 1 2 1 6 2 1 3 4 7 2 2 1 3 1]
1056,128,[1 7 3 2 2 3 4 1 4 2 5 4 3 1 3 1]
1360,128,[1 3 4 2 2 4 7 4 3 6 3 1 1 2 5 2]
2088,256,[1 2 1 2 5 1 3 5 4 2 8 3 2 3 1 2]
1388,128,[1 2 3 1 2 5 6 2 1 7 4 3 5 1 2 1]
1232,128,[1 2 3 1 4 1 7 2 2 6 1 4 1 4 3 2]
1072,128,[2 1 2 1 4 7 5 4 1 2 4 2 2 4 2 1]
608,64,[2 1 2 1 3 5 1 3 5 6 3 1 1 2 1 2]
632,64,[2 1 3 2 1 3 2 1 5 4 5 2 1 6 3 1]
700,64,[2 3 1 2 4 5 2 1 2 6 5 3 1 2 4 2]
1292,128,[1 4 1 2 4 3 4 7 1 6 3 1 4 3 1 2]
1404,128,[1 3 5 1 2 5 7 3 3 6 4 2 1 2 3 1]
404,32,[1 2 3 1 3 5 4 3 2 3 5 2 1 2 4 1]
1160,64,[1 2 1 3 6 4 6 2 2 6 1 4 1 3 5 2]
908,64,[5 1 6 2 1 3 4 3 2 4 6 2 1 2 4 1]
1352,128,[1 4 3 1 4 6 7 2 3 2 4 5 2 1 3 2]
1024,128,[1 2 3 1 4 5 4 2 2 7 2 1 4 2 1 2]
684,64,[1 3 5 3 4 2 3 4 6 5 1 2 2 1 2 1]
1036,128,[1 3 1 4 3 7 2 3 1 3 5 2 3 4 2 1]
1580,128,[3 1 2 4 1 6 3 1 2 3 5 6 1 2 7 1]
524,32,[2 1 4 2 1 5 3 5 3 4 5 3 1 2 3 1]
1348,128,[2 3 2 1 4 1 4 3 2 5 7 1 1 3 6 3]
1276,128,[1 6 1 2 2 3 2 3 3 5 7 2 2 4 2 1]
1016,64,[1 6 2 1 5 3 4 3 2 5 3 6 1 4 2 1]
1300,128,[1 3 2 1 5 4 3 4 1 3 6 2 2 1 7 1]
912,64,[1 2 4 1 6 4 6 2 2 5 3 1 3 1 4 2]
1388,128,[2 1 2 1 1 6 7 5 2 5 3 2 1 3 4 1]
816,64,[1 3 5 3 5 4 3 4 2 1 6 2 1 2 5 1]
696,64,[2 5 2 1 4 1 6 2 2 3 5 4 1 2 3 2]
392,32,[1 4 1 2 4 3 5 4 2 4 3 1 1 2 4 2]
2504,256,[1 2 6 2 2 8 3 1 4 6 4 2 1 2 3 1]
624,64,[2 4 2 1 3 5 4 3 2 4 6 2 1 3 2 1]
2084,256,[2 1 3 2 1 3 5 3 2 5 8 1 1 2 4 2]
748,64,[4 3 2 1 2 5 4 3 3 4 6 2 1 3 5 1]
880,64,[1 2 6 1 6 4 5 3 2 3 2 1 1 2 4 2]
680,64,[1 2 4 1 4 3 2 5 2 1 5 3 1 2 6 1]
1296,128,[1 4 3 2 3 6 7 3 1 5 3 2 3 1 2 1]
1120,128,[2 1 3 1 1 2 5 2 4 5 7 3 1 3 2 1]
1216,128,[2 3 1 3 3 7 2 1 2 4 1 4 1 6 2 1]
1404,128,[4 1 4 1 3 7 5 3 2 3 6 4 1 2 4 2]
1480,128,[2 3 5 1 3 5 7 2 4 6 4 3 1 4 2 1]
1728,128,[2 5 3 1 1 3 7 3 2 4 6 5 1 2 3 6]
344,32,[1 3 4 1 3 1 5 2 5 3 2 3 1 2 1 2]
648,64,[1 2 3 1 4 6 5 3 3 4 3 4 2 3 2 1]
1064,128,[5 3 2 1 1 2 3 4 2 1 4 7 1 4 1 3]
1024,128,[1 2 5 2 3 4 2 4 1 3 7 1 3 2 1 3]
1120,128,[1 5 7 2 4 2 3 1 3 5 4 2 1 3 2 1]
1292,128,[3 4 1 2 1 7 4 1 2 5 6 2 1 2 3 1]
1048,128,[1 2 3 2 2 4 7 4 5 2 3 2 2 3 2 1]
828,64,[1 2 5 2 4 5 4 1 3 6 5 3 1 3 2 1]
1020,128,[1 2 3 2 4 3 5 3 3 7 2 1 2 4 1 2]
460,64,[1 4 1 2 3 6 3 1 1 2 4 2 2 3 2 1]
2136,256,[1 4 3 1 2 3 8 2 4 2 5 3 2 5 2 1]
1452,128,[3 1 3 1 1 5 6 2 4 7 2 4 2 5 1 3]
1364,128,[2 6 4 2 3 4 5 1 2 3 7 2 1 4 2 1]
2316,256,[1 3 1 2 2 1 5 4 3 6 4 3 2 1 8 2]
1312,128,[2 1 4 2 4 5 2 1 2 4 7 3 1 6 2 1]
1328,128,[1 4 2 1 3 7 6 3 1 5 3 2 3 4 2 1]
728,64,[2 1 2 1 1 4 5 2 2 6 4 3 1 4 5 2]
1304,128,[1 2 3 2 2 3 7 6 3 5 2 3 1 3 4 2]
1424,128,[2 1 2 1 3 6 5 2 5 7 3 4 3 4 2 1]
1292,128,[1 3 2 1 4 7 1 2 1 2 5 1 4 1 6 2]
760,64,[1 2 3 2 2 4 5 3 3 5 6 1 2 1 5 2]
264,32,[1 3 1 2 4 2 5 1 2 1 4 3 1 3 2 1]
2100,256,[1 2 3 2 2 3 5 3 3 1 8 5 2 3 2 1]
636,64,[1 3 2 1 2 6 3 4 1 4 5 2 2 3 4 1]
1000,128,[1 3 2 3 4 7 4 1 3 4 3 2 1 3 4 1]
1464,128,[1 4 2 1 3 6 5 4 2 5 7 2 1 4 2 1]
580,64,[1 5 3 1 2 6 1 3 4 2 3 2 1 4 2 1]
560,64,[2 1 2 1 3 5 6 3 2 3 4 2 1 2 3 1]
2768,256,[2 4 1 2 3 2 7 4 2 5 8 3 1 2 3 1]
1044,128,[2 5 1 2 1 3 4 1 2 1 7 5 1 3 2 1]
712,64,[2 4 2 1 4 6 1 2 1 5 2 5 3 2 3 1]
2052,256,[2 3 2 1 4 2 5 4 2 8 3 2 3 4 2 1]
572,64,[1 3 2 1 4 6 4 2 3 5 2 3 2 1 3 2]
1540,128,[1 3 2 1 2 7 4 2 4 6 3 6 2 3 2 1]
1108,128,[2 3 1 2 4 2 5 4 1 7 3 2 4 2 4 1]
1616,128,[2 6 3 1 3 5 6 4 2 7 4 2 1 3 2 1]
1024,128,[1 3 1 2 2 4 3 4 3 2 7 2 1 5 2 1]
640,64,[3 2 3 6 4 5 4 1 2 3 2 4 1 2 3 2]
1312,128,[1 3 2 1 4 7 3 2 2 6 5 1 1 2 4 2]
2968,256,[2 1 4 1 3 6 7 4 1 3 4 2 2 8 2 1]
652,64,[2 1 3 2 1 4 6 5 3 1 5 2 1 3 2 1]
272,32,[2 3 2 1 3 2 4 3 2 5 3 2 1 3 2 1]
1640,128,[2 5 3 1 1 7 1 2 2 6 4 6 1 4 3 1]
344,32,[5 1 3 2 1 2 4 1 2 5 1 3 1 2 3 1]
540,64,[2 1 2 1 4 2 1 3 3 6 3 1 1 5 1 3]
708,64,[1 2 4 1 2 6 2 4 3 5 3 5 1 3 1 2]
852,64,[2 6 2 1 3 5 4 2 1 2 1 3 3 1 6 2]
2904,256,[1 4 5 2 3 8 3 1 2 5 7 2 1 3 4 1]
1116,128,[5 2 1 3 2 4 3 1 1 5 7 3 2 1 4 2]
1460,128,[2 1 3 2 7 4 5 4 3 6 2 3 1 5 3 2]
892,64,[1 5 3 1 2 4 6 2 1 6 2 4 3 2 3 1]
636,64,[2 4 3 1 3 5 6 3 4 2 4 2 2 1 2 1]
1124,128,[1 2 4 2 2 4 7 4 4 5 2 1 3 4 1 2]
1412,128,[1 3 5 2 4 7 3 1 2 5 6 3 1 3 2 1]
1352,128,[1 4 2 1 2 6 1 3 3 5 7 4 1 4 3 1]
692,64,[1 2 5 1 2 3 4 2 6 2 5 4 2 3 2 1]
500,64,[2 1 3 2 4 2 4 1 2 6 3 2 1 4 1 3]
2164,128,[2 5 2 1 7 6 4 2 5 7 3 4 2 1 2 1]
1324,128,[1 2 3 1 5 3 7 4 2 4 6 2 1 2 3 1]
1240,128,[2 4 2 1 4 5 3 4 2 4 7 5 1 2 4 2]
1336,128,[2 1 5 3 1 2 6 4 4 7 2 3 1 2 3 2]
1616,128,[2 5 1 2 7 3 5 1 1 5 6 2 2 4 5 1]
1096,128,[2 3 1 3 1 5 7 5 2 4 2 1 1 3 1 2]
1228,128,[1 4 2 1 4 6 1 3 2 3 7 1 1 4 1 3]
1412,128,[3 5 2 1 1 6 7 2 4 2 4 1 2 1 2 5]
868,64,[2 4 2 1 4 1 5 4 2 6 4 5 1 2 5 2]
1292,128,[2 1 6 3 1 4 3 2 2 3 7 3 1 2 5 2]
1316,128,[2 6 3 2 4 1 7 4 3 5 3 2 2 3 2 1]
720,64,[1 3 2 1 3 5 4 2 1 4 6 5 2 1 4 1]
296,32,[3 1 2 3 1 2 4 1 3 5 2 4 1 2 3 1]
644,64,[2 5 1 2 5 2 3 1 1 6 1 2 2 3 4 1]
1264,128,[2 4 1 4 4 6 2 1 2 4 7 2 1 3 2 1]
1596,128,[1 3 5 4 3 2 6 2 2 6 7 1 1 2 4 2]
756,64,[2 4 3 1 1 3 5 3 2 4 6 4 5 1 3 2]
1468,128,[1 2 4 2 2 7 3 5 5 4 6 2 1 2 4 1]
704,64,[1 4 2 1 2 6 3 5 3 5 4 1 1 3 1 3]
1004,128,[1 3 2 1 4 2 1 3 3 7 5 2 1 2 4 1]
1268,128,[2 1 4 2 1 2 7 1 2 5 6 3 1 2 3 2]
1416,128,[2 5 2 4 3 6 7 1 1 2 5 3 3 1 3 2]
2052,256,[1 2 1 2 3 8 4 1 2 3 5 4 3 4 2 1]
424,32,[1 2 1 2 5 1 4 1 2 5 1 2 1 2 5 1]
1296,128,[1 4 2 3 2 6 3 1 5 1 7 3 1 3 2 1]
656,64,[4 2 3 1 1 4 6 2 2 3 5 4 1 4 3 1]
1152,128,[2 5 2 1 4 2 1 2 5 7 4 3 2 4 3 1]
1136,128,[3 1 4 2 2 7 3 1 5 3 5 2 2 4 3 1]
1048,128,[2 4 1 2 1 3 4 1 5 7 1 3 1 2 4 1]
1356,128,[1 3 4 2 2 7 5 4 3 4 3 2 2 6 2 1]
1180,128,[1 3 2 1 2 1 4 3 3 7 3 2 1 3 6 1]
2012,128,[2 1 4 3 6 3 7 5 2 7 2 3 1 2 3 1]
1264,128,[3 4 2 1 1 3 6 2 2 5 7 1 1 2 1 2]
1344,128,[1 4 1 3 2 6 4 1 3 5 7 3 2 3 2 1]
556,64,[4 2 1 3 2 1 4 1 1 5 6 2 2 1 3 1]
720,64,[4 2 1 4 2 4 2 1 1 6 5 3 2 5 2 1]
312,32,[1 3 1 2 2 5 2 1 3 2 1 5 2 3 2 1]
932,64,[1 2 6 1 4 5 3 4 3 4 6 3 1 3 2 1]
656,64,[2 4 3 1 1 3 5 4 3 4 6 3 1 3 2 1]
776,64,[1 3 1 2 2 1 5 1 5 6 4 2 1 3 5 1]
1000,128,[1 3 1 2 3 2 4 1 1 3 7 5 2 4 2 1]
3180,256,[1 3 5 1 2 7 4 2 3 6 8 5 2 1 4 1]
640,64,[1 3 2 1 3 1 6 3 5 3 5 1 3 1 3 2]
1420,128,[2 4 1 2 5 3 5 1 3 6 4 2 1 7 2 3]
912,64,[2 1 6 2 4 2 3 4 2 6 5 2 1 3 4 1]
520,64,[1 3 2 4 2 4 6 1 1 2 4 2 4 1 2 3]
672,64,[4 2 1 2 3 6 5 3 2 5 1 2 1 4 2 1]
1040,128,[1 2 3 2 2 7 2 3 4 3 4 2 1 2 5 3]
1368,128,[1 4 1 2 2 7 2 1 3 4 5 4 2 6 3 1]
644,64,[2 1 4 2 4 3 6 3 1 5 4 1 2 3 2 3]
980,64,[1 3 4 2 3 5 6 3 2 6 5 1 1 2 3 2]
2424,256,[3 2 5 3 2 8 6 5 3 4 3 2 1 3 2 1]
964,64,[2 6 2 1 5 3 5 3 4 2 6 2 2 1 3 1]
2824,256,[1 2 6 1 4 6 1 2 6 3 8 3 1 4 2 1]
800,64,[1 4 2 1 3 5 4 2 5 6 2 3 1 2 5 1]
632,64,[2 4 1 2 4 5 2 1 1 2 6 4 4 1 2 1]
1076,128,[1 3 4 3 2 7 5 2 3 4 2 4 1 2 3 2]
1592,128,[1 2 3 1 3 4 1 6 6 7 3 1 2 3 5 2]
1420,128,[1 2 5 2 3 4 7 1 2 5 6 4 1 2 3 1]
2092,256,[2 1 3 1 3 2 1 5 2 5 8 3 1 2 3 2]
632,64,[1 2 4 1 2 4 6 3 3 5 4 2 1 3 2 1]
560,64,[3 2 3 1 2 3 6 2 1 4 2 3 2 1 5 2]
1220,128,[1 3 5 3 3 7 4 1 1 5 3 5 2 1 2 1]
716,64,[1 2 3 1 2 4 5 2 6 3 4 3 1 5 3 1]
1092,128,[2 1 3 1 1 4 2 5 2 5 7 2 1 3 2 1]
1180,128,[1 4 2 1 4 2 3 2 3 7 5 4 1 5 2 1]
196,32,[3 2 1 3 1 3 5 1 2 1 2 3 1 2 3 1]
1488,128,[1 2 5 1 4 6 3 2 3 4 7 1 2 5 1 4]
2452,256,[1 2 4 1 5 3 5 3 2 8 4 2 1 2 3 6]
1392,128,[1 2 4 1 2 7 6 4 4 5 3 2 2 3 4 1]
1044,128,[1 4 2 1 3 7 4 3 4 1 3 2 1 2 5 1]
1108,128,[1 2 3 4 2 7 2 1 4 5 4 3 2 4 3 2]
688,64,[1 2 4 1 3 1 5 3 2 5 6 2 1 4 2 1]
1428,128,[1 3 6 1 5 4 1 3 1 7 5 2 2 4 3 1]
1124,128,[2 1 4 1 1 2 5 2 5 7 3 1 3 1 4 2]
1340,128,[5 2 1 3 2 6 2 1 3 1 7 2 1 2 5 1]
640,64,[2 1 4 3 5 3 6 4 2 4 2 1 1 3 1 3]
1372,128,[1 3 2 1 5 7 5 3 1 2 6 2 3 1 3 1]
260,32,[1 2 1 3 4 1 3 1 2 3 5 4 1 2 3 2]
3020,256,[2 8 1 2 1 2 7 4 5 6 3 2 3 1 2 1]
784,64,[1 3 1 2 4 6 4 1 2 3 6 2 3 1 4 1]
1444,128,[1 3 2 1 5 4 5 2 2 6 4 7 1 4 1 2]
1304,128,[2 3 1 2 3 7 4 3 2 6 5 2 1 2 4 1]
1316,128,[4 2 4 1 1 4 7 2 4 6 3 4 2 1 2 1]
896,64,[2 3 1 2 3 5 6 4 2 6 3 2 1 2 4 1]
1464,128,[4 1 4 2 2 7 5 1 6 5 4 2 1 4 3 1]
1228,128,[1 4 1 2 3 7 2 4 1 4 6 3 2 3 2 1]
644,64,[1 2 4 2 3 1 2 4 2 4 6 5 1 2 4 3]
1248,128,[1 2 5 2 2 3 1 5 4 5 3 4 1 2 7 3]
296,32,[2 1 3 2 1 2 5 3 4 3 4 1 1 2 3 2]
740,64,[1 5 2 1 2 3 4 2 4 6 5 3 1 2 4 1]
624,64,[1 4 2 1 3 1 4 3 2 5 6 2 1 4 3 1]
1284,128,[2 3 1 4 7 1 3 1 2 3 6 3 1 2 5 2]
612,64,[1 4 1 2 2 5 2 3 4 6 3 2 3 1 4 1]
1128,128,[1 2 4 2 2 1 3 5 3 5 7 1 1 2 4 2]
600,64,[1 2 1 2 4 6 4 1 1 3 5 2 2 1 4 1]
1072,128,[2 3 2 1 3 5 3 2 4 2 7 4 2 4 3 1]
628,64,[1 2 4 1 2 4 5 3 1 2 3 6 2 4 1 2]
1328,128,[2 1 7 2 4 5 3 4 2 6 1 3 1 3 2 1]
1040,128,[1 3 4 1 2 5 3 2 4 1 7 3 1 3 2 1]
276,32,[3 1 4 3 1 5 3 2 2 1 2 4 1 3 1 2]
1416,128,[1 2 3 2 2 6 2 1 4 5 7 5 1 4 2 1]
780,64,[4 3 2 1 1 4 5 3 2 5 6 4 1 2 4 2]
640,64,[1 6 3 1 2 3 5 2 1 2 4 5 2 1 2 1]
1664,128,[1 2 6 1 3 7 4 2 4 2 5 3 2 6 4 1]
1256,128,[3 4 3 2 2 3 2 1 3 7 3 4 6 1 4 2]
332,32,[1 3 1 2 3 4 2 4 4 5 3 2 1 2 1 3]
732,64,[3 1 3 1 4 5 4 2 2 6 2 4 1 2 5 3]
564,64,[1 5 1 3 2 6 2 4 3 2 3 2 2 3 2 1]
1352,128,[2 7 1 2 4 2 4 1 3 5 3 6 1 2 4 2]
424,32,[1 2 3 2 3 4 5 3 1 5 3 1 2 3 4 3]
668,64,[1 2 3 2 2 1 4 1 3 5 3 5 2 1 6 2]
896,64,[3 1 3 1 2 6 4 2 4 5 6 1 1 2 3 2]
2388,256,[2 4 2 1 4 8 4 2 3 5 6 4 1 2 3 1]
1324,128,[1 2 3 1 2 6 5 3 3 2 7 4 2 4 2 1]
476,32,[1 2 5 1 2 5 2 4 3 4 1 2 2 5 2 1]
728,64,[2 3 1 3 4 6 5 1 2 3 4 3 1 2 5 2]
720,64,[1 2 4 2 2 5 6 3 3 4 3 5 2 1 2 1]
1932,256,[1 2 3 1 2 3 4 2 3 8 2 3 2 1 4 2]
1332,128,[2 1 3 2 4 2 6 4 2 3 1 5 1 7 3 1]
584,64,[1 2 1 2 4 3 5 1 2 4 6 3 1 2 3 1]
688,64,[3 5 3 1 4 6 2 3 1 2 5 2 4 1 2 1]
876,64,[1 2 6 1 5 1 4 2 1 3 6 3 2 4 2 1]
1128,128,[1 2 3 1 5 4 5 3 2 7 2 4 1 2 3 2]
1116,128,[1 2 4 2 3 5 7 4 5 1 2 1 1 2 1 2]
2052,128,[4 1 7 2 2 3 2 3 4 6 7 4 1 2 4 3]
756,64,[1 3 1 2 2 6 2 6 1 3 4 2 2 4 2 1]
2104,256,[1 3 2 1 2 4 3 5 4 8 5 1 1 3 1 2]
1100,128,[2 1 2 3 3 5 3 4 1 3 7 3 5 2 1 2]
1476,128,[1 3 4 2 5 6 2 3 3 7 5 4 1 2 4 1]
720,64,[2 1 4 3 3 4 3 1 2 3 5 6 1 5 1 3]
2284,256,[2 1 3 1 1 3 5 2 3 4 6 3 1 2 8 2]
1108,128,[2 4 2 1 3 2 5 3 4 7 4 2 1 4 1 3]
500,64,[2 3 1 2 4 6 3 1 3 4 1 2 2 3 4 1]
1740,128,[1 6 4 1 3 5 6 3 1 3 2 5 7 2 3 1]
1068,64,[4 6 2 1 1 4 5 4 3 6 4 2 2 5 3 1]
1568,128,[1 2 6 1 2 7 2 3 5 6 1 2 2 1 4 1]
1316,128,[1 3 2 1 2 7 5 3 6 1 4 2 1 4 2 1]
1024,128,[1 3 1 4 3 4 5 3 1 2 7 1 2 1 3 2]
828,64,[1 4 3 1 6 2 4 2 4 6 3 1 3 2 1 3]
1200,128,[1 3 2 1 2 7 1 4 3 4 6 3 2 3 2 1]
812,64,[1 3 2 1 3 4 1 4 4 2 6 3 3 6 2 1]
1128,128,[1 2 4 2 3 1 2 5 1 5 7 2 2 3 4 1]
632,64,[1 3 4 1 2 5 2 3 1 6 4 2 3 4 3 1]
632,64,[1 2 4 3 2 1 6 1 4 5 2 3 2 4 3 1]
392,32,[2 3 2 1 5 2 5 3 2 4 1 2 1 2 4 3]
1072,128,[2 3 4 1 1 2 5 2 3 7 3 4 1 3 4 2]
408,32,[3 2 3 1 1 5 4 3 3 2 5 1 2 4 1 2]
1404,128,[1 2 3 1 2 5 7 2 3 6 5 3 2 4 2 1]
1704,128,[1 2 5 2 5 7 6 1 2 3 4 2 1 6 1 4]
1560,128,[1 2 3 2 3 6 7 1 1 5 6 2 2 3 1 4]
736,64,[1 2 3 5 3 5 4 3 4 2 6 1 2 3 4 2]
1068,128,[2 3 2 1 5 2 1 2 1 5 7 4 2 3 1 2]
728,64,[1 5 2 1 4 6 3 4 1 4 5 2 3 1 3 1]
652,64,[1 4 1 2 2 3 2 4 5 6 4 2 3 4 3 1]
336,32,[1 2 3 2 4 5 4 3 3 1 3 2 1 3 4 1]
1188,128,[1 3 2 1 4 7 5 2 2 5 2 5 1 2 3 2]
948,64,[1 4 2 3 6 2 5 2 2 1 6 3 1 5 2 1]
1504,128,[1 2 4 1 4 7 5 4 2 6 4 2 1 5 3 1]
724,64,[2 1 2 5 4 2 4 1 2 5 6 3 1 3 1 4]
672,64,[2 1 2 3 1 3 4 5 3 5 6 3 1 3 1 2]
620,64,[1 3 1 3 2 1 3 5 3 4 6 1 1 2 4 3]
2012,256,[1 3 2 1 2 5 3 2 4 3 8 4 1 2 3 1]
400,32,[2 4 1 2 3 5 3 1 1 2 5 4 3 1 3 1]
1316,128,[4 1 3 1 1 4 6 2 3 7 2 1 5 2 1 2]
584,64,[1 3 5 2 4 6 2 3 3 4 3 1 1 2 1 2]
628,64,[4 2 4 1 2 6 5 2 1 2 4 1 2 3 1 3]
580,64,[2 1 5 1 1 3 4 3 2 6 1 2 4 2 4 1]
648,64,[1 2 3 2 4 5 6 1 2 1 2 3 1 5 1 2]
1308,128,[1 2 1 2 4 6 5 3 2 1 7 2 1 4 3 1]
1508,128,[1 2 1 6 2 4 7 1 3 6 2 3 1 2 4 2]
296,32,[1 5 2 1 3 2 1 3 2 1 3 5 1 3 2 1]
1100,128,[3 1 4 1 1 2 3 2 5 7 5 1 1 3 1 2]
1304,128,[2 4 2 1 1 2 3 2 3 6 5 3 1 2 7 2]
1128,128,[1 5 2 3 2 7 3 1 4 2 5 2 2 4 2 1]
712,64,[2 1 3 1 5 3 6 4 3 4 5 2 1 2 3 1]
512,32,[1 2 3 1 2 3 5 2 5 2 4 3 1 4 5 1]
608,64,[3 1 3 2 4 5 2 1 3 6 4 2 1 3 1 3]
756,64,[2 5 2 1 3 4 6 4 4 5 2 3 1 2 3 2]
684,64,[1 2 4 1 3 4 3 5 2 1 6 3 1 2 5 2]
648,64,[2 1 2 1 1 4 5 3 3 5 6 1 1 2 3 2]
312,32,[2 1 4 1 3 5 2 3 4 3 4 1 1 2 1 2]
628,64,[1 2 6 3 2 5 2 4 4 2 4 2 2 4 2 1]
712,64,[3 1 3 1 2 6 1 2 4 5 4 1 1 2 5 3]
532,64,[1 2 1 2 2 4 3 1 5 3 2 3 1 2 1 6]
1068,128,[1 7 1 2 4 2 5 1 2 3 2 5 1 2 3 2]
1336,128,[2 4 2 1 3 6 3 2 5 7 1 4 1 2 3 2]
572,32,[1 2 3 2 2 4 5 3 4 5 3 4 1 2 5 2]
1196,128,[1 6 3 2 2 7 2 1 4 2 4 2 3 1 2 1]
1368,128,[4 1 3 2 2 4 6 5 1 2 7 3 4 3 2 1]
1192,128,[4 5 4 1 2 4 7 3 3 5 2 1 1 2 3 2]
1424,128,[1 4 2 1 2 5 3 4 1 7 6 5 3 1 3 1]
948,64,[1 3 4 3 6 4 6 4 1 3 5 3 2 1 2 1]
1384,128,[2 3 6 2 1 7 5 1 5 4 2 3 2 1 4 1]
724,64,[5 4 3 1 3 5 4 2 2 3 1 6 1 2 3 1]
1064,128,[2 1 3 1 3 2 4 3 2 7 5 4 1 4 2 1]
668,64,[1 2 4 1 5 1 6 5 2 3 2 1 1 2 4 2]
1492,128,[3 2 4 1 6 7 6 2 2 4 2 1 1 3 1 2]
2468,256,[1 5 4 1 3 8 6 2 4 2 5 3 2 4 2 1]
640,64,[1 2 3 2 2 5 4 5 3 6 2 1 1 2 1 3]
1264,128,[3 1 3 1 4 2 6 3 2 5 3 1 1 7 1 2]
312,32,[1 2 1 3 2 3 2 4 3 4 5 1 1 2 4 2]
704,64,[2 4 2 1 1 6 1 2 3 1 6 3 1 3 1 2]
620,64,[3 2 4 2 2 4 3 6 1 2 5 2 4 1 3 1]
836,64,[2 5 2 1 3 2 6 3 1 6 4 2 2 1 2 1]
560,64,[1 2 3 2 3 4 5 3 2 6 3 2 1 3 2 1]
720,64,[1 4 1 2 5 1 5 4 1 4 6 2 2 3 2 1]
788,64,[1 3 5 2 3 5 2 3 2 4 6 5 1 3 2 1]
1452,128,[1 2 3 1 4 3 4 5 1 7 6 2 2 5 1 3]
612,64,[2 1 3 1 5 2 4 2 4 3 6 4 1 2 3 1]
784,64,[1 2 1 2 3 6 4 3 4 2 6 2 2 4 2 1]
1208,128,[3 2 4 2 2 1 3 6 1 7 4 2 2 3 2 1]
1312,128,[2 1 4 1 4 5 2 6 2 4 7 2 1 3 2 1]
1692,128,[3 4 2 1 1 7 5 3 6 3 6 1 1 2 5 2]
620,64,[1 2 3 2 2 4 6 3 1 2 4 5 3 4 1 2]
1020,128,[3 4 1 2 1 5 2 3 2 3 7 2 4 2 3 1]
1280,128,[5 1 4 2 2 5 3 5 1 4 7 2 2 1 2 4]
876,64,[1 2 3 1 2 6 1 3 5 3 4 2 4 6 2 1]
232,32,[2 1 3 2 1 2 5 1 3 1 3 2 1 2 1 4]
1204,128,[1 4 3 1 2 5 4 2 3 7 5 3 1 4 3 2]
1360,128,[1 4 1 3 3 6 3 1 4 1 5 4 1 3 7 3]
976,128,[1 2 3 1 3 4 1 2 2 7 5 1 1 2 3 2]
628,64,[1 4 2 1 2 3 5 3 1 4 6 4 2 1 3 2]
1400,128,[3 1 2 1 1 4 6 5 3 7 3 2 1 2 5 1]
760,64,[1 3 4 1 3 5 6 2 1 4 5 3 2 3 4 1]
1916,128,[2 1 3 1 1 2 7 4 7 3 2 1 2 1 6 2]
328,32,[1 2 3 2 3 4 5 1 1 3 4 3 2 4 3 1]
528,64,[1 3 2 1 2 4 3 4 3 6 4 3 1 3 2 1]
280,32,[2 4 2 1 1 3 1 3 3 4 5 2 1 3 2 1]
612,64,[2 1 4 2 1 3 5 3 4 6 4 2 1 2 3 1]
628,64,[4 1 2 1 1 3 5 2 3 4 6 3 2 3 4 2]
960,64,[2 5 4 1 1 6 3 2 5 2 6 3 1 3 2 1]
1588,128,[1 3 1 2 3 6 5 4 2 7 6 3 1 2 3 2]
1144,128,[4 2 5 1 2 7 1 4 1 5 4 2 2 1 2 3]
424,64,[2 4 2 1 1 6 1 3 2 1 2 1 1 2 4 2]
1720,128,[1 2 4 1 4 1 5 6 2 6 7 1 1 5 1 3]
1648,128,[1 4 2 1 4 3 6 7 2 5 4 3 1 6 2 1]
376,32,[2 1 5 2 1 2 4 3 2 4 5 2 1 3 2 1]
1156,128,[2 3 5 2 4 2 4 1 7 3 1 3 2 5 3 1]
2412,256,[3 2 3 1 2 5 8 2 6 2 3 5 2 1 4 2]
1052,128,[1 2 3 1 2 4 7 3 3 1 5 4 1 4 2 1]
1216,128,[1 5 3 1 2 3 4 2 4 5 7 4 2 4 3 1]
420,64,[1 3 2 1 2 6 4 2 1 3 1 3 2 1 3 1]
684,64,[3 1 3 1 1 3 5 3 3 6 3 4 2 5 2 1]
1300,128,[1 2 3 1 2 3 6 3 3 7 4 2 1 3 5 1]
440,64,[2 3 2 1 1 2 6 3 3 4 3 1 1 3 1 2]
620,64,[2 6 3 1 3 4 2 3 2 5 4 1 1 4 1 3]
2140,256,[2 4 2 1 3 5 1 5 1 3 4 2 2 8 2 1]
500,64,[1 2 3 2 2 6 2 1 4 3 1 4 2 4 2 1]
1392,128,[1 2 3 1 2 6 4 2 4 5 7 4 1 2 4 1]
1484,128,[3 1 3 1 1 3 6 2 2 6 4 7 3 1 2 1]
2052,256,[1 2 4 1 3 5 3 2 1 8 4 3 4 2 3 1]
1360,128,[1 4 2 1 2 5 4 3 4 7 6 2 2 3 2 1]
468,32,[1 2 4 1 3 5 3 2 1 2 5 3 5 1 2 1]
876,64,[1 2 3 2 4 3 6 5 1 6 3 2 3 1 2 4]
596,64,[1 2 6 2 3 4 5 1 1 3 2 3 2 4 3 2]
856,64,[1 2 3 1 2 1 6 2 5 6 4 3 3 2 3 1]
1772,128,[1 2 5 4 2 7 3 1 3 2 4 7 2 1 2 1]
296,32,[1 3 2 1 4 5 3 2 1 4 2 1 4 2 1 2]
948,64,[2 4 2 1 5 3 4 3 3 6 3 4 1 2 6 1]
804,64,[1 2 5 1 2 3 4 3 3 5 2 5 2 6 3 2]
2240,256,[1 2 5 2 3 5 8 5 2 1 3 4 1 3 2 1]
832,64,[3 1 2 1 2 4 5 2 1 6 3 6 2 1 2 1]
1400,128,[5 3 2 1 2 6 3 5 7 3 2 1 1 2 4 2]
1272,128,[2 4 2 1 4 7 6 4 2 4 2 1 1 2 4 2]
1512,128,[1 3 4 2 4 7 3 6 5 4 5 2 1 2 4 1]
608,64,[2 1 6 1 1 3 2 5 3 5 1 2 1 2 3 1]
1200,128,[1 5 2 1 2 4 5 2 3 5 7 1 1 2 3 2]
1128,128,[1 3 2 1 2 4 5 2 3 5 3 7 2 1 4 2]
1472,128,[1 5 2 1 2 3 7 4 4 6 5 2 1 2 4 1]
2148,256,[2 5 4 1 1 2 8 2 3 4 5 3 1 2 3 2]
844,128,[2 1 3 2 1 3 2 1 2 7 4 3 3 1 2 1]
1276,128,[1 4 2 1 2 3 6 2 3 5 3 1 1 3 2 7]
1480,128,[2 7 2 1 1 4 5 3 4 5 3 4 1 2 6 2]
592,64,[2 1 4 1 1 4 2 5 3 2 4 2 2 1 6 1]
1328,128,[3 4 2 1 1 5 1 6 4 7 4 1 1 2 1 2]
572,64,[2 3 2 4 1 2 5 1 3 6 3 2 2 4 2 1]
1436,128,[2 4 3 1 4 7 6 2 1 5 3 4 2 3 4 2]
2400,256,[2 1 2 1 4 3 6 5 3 2 5 1 1 8 2 3]
2048,128,[2 3 2 1 1 7 6 2 5 3 4 3 1 7 3 1]
1628,128,[3 1 3 6 4 7 5 1 6 2 4 2 1 3 2 1]
608,64,[3 2 3 1 2 6 5 2 4 2 4 3 1 3 2 1]
1024,128,[1 3 2 1 2 4 1 2 4 2 4 3 1 5 7 1]
2696,256,[1 4 2 1 2 1 7 2 3 8 5 1 1 2 1 2]
796,64,[1 6 2 1 3 1 4 3 4 3 6 1 1 2 1 4]
628,64,[2 1 4 2 3 2 6 4 2 5 4 3 1 2 3 1]
2356,256,[1 2 5 1 4 5 8 2 3 1 6 1 1 2 1 3]
632,64,[1 2 4 1 3 4 2 4 4 1 5 3 1 2 6 1]
1704,128,[1 2 4 2 2 1 7 3 3 7 2 4 2 3 4 2]
2376,256,[2 1 3 1 1 3 2 5 5 8 6 1 1 3 1 3]
844,128,[1 3 2 1 4 1 7 2 1 2 1 3 2 1 2 1]
1132,128,[2 5 2 1 4 2 7 2 2 4 1 3 1 5 2 1]
1320,128,[1 2 4 2 5 3 2 3 1 7 6 2 2 1 4 1]
1520,128,[3 1 6 1 1 2 7 3 3 6 4 1 1 4 1 2]
1276,128,[1 2 5 2 3 7 4 1 5 4 5 4 2 1 3 1]
1000,64,[2 1 2 1 6 4 5 6 5 3 4 3 1 2 3 1]
1204,128,[3 5 4 3 1 2 7 4 2 4 5 3 1 2 3 2]
1008,128,[2 3 2 1 1 5 1 3 2 4 3 4 1 2 7 1]
1472,128,[1 2 3 2 3 7 4 1 6 3 6 3 2 1 2 1]
892,128,[1 3 2 1 3 2 1 3 2 4 7 2 1 2 4 1]
1624,128,[2 1 2 1 1 3 4 6 3 5 6 2 1 7 4 1]
1536,128,[1 7 2 3 2 1 4 6 4 6 2 3 2 1 4 1]
760,64,[1 3 4 1 3 5 3 2 5 4 6 3 1 3 4 1]
600,64,[1 2 4 2 5 1 3 1 3 2 6 3 2 3 4 1]
600,64,[1 2 4 2 4 6 3 1 2 3 5 2 1 2 4 1]
1588,128,[3 7 2 1 4 3 6 4 1 4 3 6 2 3 2 1]
588,64,[2 4 2 1 1 2 6 4 2 1 5 2 1 3 4 1]
1496,128,[4 2 1 2 6 1 2 1 4 6 1 2 1 3 7 1]
1708,128,[1 3 2 3 6 1 6 1 1 2 3 7 2 6 2 1]
1136,128,[3 4 2 1 4 3 5 7 2 1 3 2 1 3 5 1]
616,64,[1 2 4 1 2 3 6 2 4 1 5 4 2 4 1 2]
684,64,[1 5 2 1 3 6 5 2 2 4 2 3 1 3 4 1]
1280,128,[2 3 2 1 3 4 7 5 1 2 3 1 2 1 6 2]
1040,128,[3 4 3 1 1 7 4 2 4 5 1 3 1 2 3 1]
744,64,[1 6 2 3 4 2 4 2 2 3 2 1 1 6 1 2]
1220,128,[3 1 2 1 1 3 7 4 2 4 6 3 3 1 3 1]
1048,128,[1 2 3 2 4 5 2 1 2 3 7 4 1 4 3 2]
1408,128,[1 3 2 3 2 5 7 1 3 6 5 3 1 2 4 1]
2404,256,[1 2 5 2 2 1 6 4 5 4 8 2 1 2 3 1]
1088,128,[1 2 3 1 2 3 1 2 5 7 5 3 1 2 4 2]
1636,128,[2 6 2 1 5 3 1 6 1 4 3 4 2 7 2 1]
740,64,[1 3 4 1 6 2 3 2 1 3 6 3 2 1 3 2]
1480,128,[1 2 4 1 3 7 5 3 4 5 6 2 3 2 3 1]
1316,128,[1 2 3 2 2 6 4 1 5 2 7 4 2 3 2 1]
532,32,[1 2 5 1 2 5 3 2 3 1 5 1 1 5 2 3]
868,64,[3 1 3 1 1 6 4 2 3 5 6 3 1 2 3 1]
1488,128,[3 6 2 1 4 5 3 2 2 7 5 4 1 4 1 3]
1284,128,[3 1 2 1 1 6 4 3 2 7 1 2 1 5 3 1]
1276,128,[2 1 2 1 1 3 6 3 5 7 4 2 2 1 2 3]
1120,128,[1 2 4 7 3 5 2 1 2 1 3 2 1 4 2 5]
744,64,[1 2 5 1 3 6 3 2 4 1 5 4 1 2 4 1]
360,32,[3 1 2 3 1 2 5 1 3 5 3 2 1 4 2 3]
896,64,[1 6 3 2 4 5 4 3 3 6 3 1 1 3 1 2]
1132,128,[1 4 5 2 4 3 7 3 2 5 2 1 1 2 1 3]
668,64,[1 3 2 1 2 5 1 3 3 4 5 1 2 3 6 3]
632,64,[2 1 4 1 4 3 1 2 2 6 5 4 1 4 2 1]
1356,128,[1 3 2 1 2 4 7 3 5 3 6 4 2 4 1 2]
1328,128,[1 5 2 3 3 7 6 1 2 4 3 4 3 1 2 1]
572,64,[1 3 1 2 2 4 2 1 4 2 6 3 2 5 3 1]
968,64,[1 2 3 2 2 4 1 4 3 6 5 6 2 5 2 1]
560,64,[2 4 6 1 3 2 4 3 5 3 2 1 1 2 1 2]
1248,128,[2 3 1 3 3 1 2 5 1 3 6 2 3 7 3 1]
1056,128,[3 4 1 2 7 3 4 1 2 4 2 3 1 3 5 1]
2024,256,[1 3 1 4 2 5 8 1 3 4 3 2 1 3 2 1]
996,128,[1 4 3 2 2 5 2 1 1 4 7 2 2 1 3 1]
780,64,[1 3 4 2 4 6 5 1 2 5 4 3 4 3 2 1]
660,64,[2 1 4 2 1 2 5 3 5 6 3 1 1 3 1 3]
740,64,[2 1 4 3 5 2 5 4 2 4 6 2 1 2 3 1]
600,64,[1 2 4 2 4 5 6 1 1 2 4 2 2 3 2 1]
1508,128,[1 4 2 3 4 7 6 5 3 5 4 2 2 1 2 4]
1292,128,[1 3 1 3 2 5 6 1 4 7 2 3 1 3 1 2]
2256,256,[1 3 4 2 4 6 2 4 1 3 8 2 3 1 2 1]
768,64,[1 2 3 5 4 5 6 3 3 4 3 4 2 1 2 1]
1216,128,[2 3 2 1 3 4 1 2 2 5 7 5 1 3 5 2]
844,64,[1 3 2 1 2 4 5 6 1 6 1 3 2 1 3 1]
908,64,[1 2 4 2 3 4 6 3 1 3 2 5 3 1 6 1]
320,32,[1 2 3 1 4 1 2 4 1 5 3 1 2 3 4 3]
184,16,[1 2 3 2 2 3 4 3 3 4 2 1 2 1 3 2]
620,64,[2 5 3 2 3 6 5 3 2 3 1 2 1 2 3 1]
556,64,[1 3 1 3 2 4 3 1 1 5 6 2 3 1 3 1]
916,64,[1 3 6 2 2 5 4 1 4 6 3 2 2 4 2 1]
488,64,[1 2 1 2 2 4 3 4 4 3 6 2 2 1 3 1]
1348,128,[1 4 2 1 2 3 6 4 5 1 7 1 3 4 3 2]
792,64,[1 3 1 3 2 6 2 4 1 3 6 2 3 4 2 1]
1348,128,[1 2 1 2 3 6 4 1 1 4 5 7 4 1 3 2]
736,64,[1 4 2 1 2 3 6 2 4 5 4 5 1 2 3 1]
1500,128,[1 3 4 1 4 6 5 3 2 7 3 1 1 4 2 5]
1024,128,[2 1 3 2 4 2 7 1 2 5 4 3 1 3 1 2]
720,64,[2 6 2 1 1 2 3 2 3 6 4 3 1 2 1 2]
616,64,[2 5 4 2 4 2 3 1 1 3 6 2 2 4 2 1]
1340,128,[1 4 3 2 2 6 7 4 3 5 3 2 2 3 2 1]
668,64,[1 2 3 2 2 1 5 3 3 5 6 2 1 3 4 1]
1364,128,[2 1 4 1 1 3 6 3 3 5 3 4 2 7 2 3]
2336,256,[1 4 8 2 2 5 6 3 3 2 4 2 1 3 2 1]
