score,max_tile,board_state
2072,128,[7 5 4 1 5 6 5 2 6 5 4 1 5 3 1 2]
5440,512,[3 6 5 1 7 1 4 3 9 5 3 2 4 3 2 1]
2800,256,[5 3 2 1 1 7 4 3 8 4 3 2 4 3 2 1]
6600,512,[8 1 2 3 9 3 1 4 6 5 3 2 3 6 2 1]
2960,256,[7 3 2 1 8 1 5 2 6 3 1 3 2 1 3 1]
5112,512,[9 1 4 1 7 2 5 2 5 4 1 3 3 1 2 1]
3516,256,[1 4 2 1 8 6 5 2 7 5 4 3 6 4 3 1]
1808,128,[6 3 6 4 3 7 5 3 4 5 4 2 2 1 3 1]
1496,128,[2 5 4 1 6 3 2 3 7 5 4 2 4 3 2 1]
2920,256,[6 5 4 1 8 1 5 3 6 5 3 2 5 3 2 1]
7276,512,[9 6 2 4 1 8 4 3 6 3 7 1 4 2 1 2]
2368,128,[1 5 4 2 5 7 5 1 7 6 3 2 5 4 2 1]
2008,128,[6 4 3 1 4 3 5 2 7 6 4 3 6 4 2 1]
3604,256,[6 5 3 1 8 6 1 3 7 5 4 2 5 4 2 1]
2744,256,[3 1 4 1 5 4 2 3 8 6 4 2 6 4 3 1]
2540,128,[7 5 2 1 5 6 5 2 7 5 4 3 5 4 3 1]
5740,512,[9 5 2 1 7 6 3 2 6 5 4 3 4 3 2 1]
5488,512,[3 5 1 2 7 6 2 1 9 5 3 2 5 3 2 1]
2156,128,[5 3 2 1 6 4 5 2 7 6 4 1 6 5 3 2]
3404,256,[3 4 3 1 6 7 8 2 5 4 3 6 4 3 2 1]
2332,256,[1 4 2 1 4 1 3 2 6 2 5 3 8 3 2 1]
4508,256,[6 4 3 1 7 5 4 2 8 7 5 3 6 3 6 1]
4072,256,[5 4 3 1 3 8 5 3 8 5 4 2 4 3 2 1]
5344,512,[9 4 3 1 7 1 4 3 6 4 3 2 1 5 2 1]
3868,256,[8 7 2 1 7 1 4 3 6 4 5 2 5 2 3 1]
1984,128,[1 5 3 2 2 6 4 3 6 7 6 4 1 4 3 1]
3712,256,[7 4 2 1 8 5 4 3 5 7 3 2 1 5 2 1]
1440,128,[5 3 2 1 6 1 4 3 7 4 3 2 5 3 2 1]
3116,256,[5 3 2 1 7 6 4 3 8 4 3 2 4 3 2 1]
6248,512,[7 1 2 1 9 6 3 2 7 1 4 3 4 6 2 1]
5628,512,[9 3 6 2 1 6 4 3 5 7 3 2 4 3 2 1]
3824,256,[1 2 5 1 6 8 4 3 7 4 3 2 2 1 7 1]
6472,512,[4 3 2 1 9 5 3 2 8 6 4 1 5 3 1 2]
1680,128,[5 2 1 2 6 3 2 3 7 5 3 2 2 6 4 1]
3200,256,[8 5 4 2 4 6 5 3 7 4 3 1 3 2 1 2]
3180,256,[7 3 1 2 8 4 2 3 6 5 4 2 5 3 2 1]
16212,1024,[10  4  2  1  9  5  3  2  7  8  4  3  6  5  3  1]
3608,256,[6 5 3 1 8 6 4 3 7 5 3 2 5 4 2 1]
3172,256,[5 1 2 1 7 2 1 2 8 6 4 3 5 4 2 1]
3340,256,[5 4 3 2 7 5 4 3 8 6 3 1 5 4 1 2]
4544,512,[1 4 3 2 2 6 4 3 9 4 3 2 4 3 2 1]
3244,256,[6 4 2 1 8 5 4 2 7 4 1 4 5 3 2 1]
6576,512,[7 2 3 1 9 3 4 2 7 5 1 3 5 7 3 1]
3428,256,[6 1 3 1 7 3 1 2 8 5 4 3 6 4 1 4]
4988,256,[7 5 4 1 8 7 5 3 7 6 4 2 6 4 3 1]
3756,256,[7 1 3 1 8 3 1 2 7 5 4 3 1 6 2 1]
2800,256,[6 4 2 1 5 1 4 3 8 4 1 4 6 5 3 1]
3720,256,[5 4 1 2 7 1 5 3 8 4 3 2 5 7 2 1]
1164,128,[2 4 1 3 3 5 3 2 7 3 4 1 1 2 5 3]
6128,512,[9 7 3 2 2 5 7 5 6 1 4 3 1 3 2 1]
1196,64,[6 4 2 1 2 6 1 4 6 3 4 1 5 1 3 2]
4680,256,[7 4 2 1 8 5 4 3 7 6 5 2 3 7 3 1]
1632,128,[4 5 4 2 6 4 2 1 7 5 4 2 5 3 2 1]
5356,512,[9 4 2 1 4 6 4 3 2 5 7 2 1 3 2 1]
7240,512,[9 5 2 1 8 6 3 2 7 5 4 3 5 3 2 1]
2504,128,[7 5 4 2 5 6 5 3 7 5 3 2 5 3 2 1]
6028,512,[4 3 2 1 7 6 4 3 9 4 3 2 7 3 2 1]
2452,256,[1 5 2 1 2 6 4 2 8 4 3 1 5 3 1 3]
1804,128,[4 7 5 1 1 6 4 3 6 5 3 2 4 3 2 1]
2384,256,[1 4 3 2 2 6 4 3 8 5 3 2 4 3 2 1]
3692,256,[6 4 3 2 8 5 4 1 7 6 3 2 6 3 2 1]
3836,256,[6 5 3 2 7 1 5 1 8 6 4 3 6 5 3 1]
4076,256,[8 6 4 2 3 2 8 3 5 4 3 2 1 3 2 1]
3760,256,[6 3 2 1 7 5 3 2 8 6 5 3 6 4 1 2]
2136,128,[6 5 4 2 7 6 5 1 6 5 4 3 1 2 3 1]
2852,256,[1 5 3 1 6 1 4 2 8 6 5 3 5 4 3 2]
844,64,[4 1 2 1 5 3 5 2 6 5 4 3 4 3 2 1]
7276,512,[8 7 3 1 3 6 4 3 9 4 3 2 6 3 2 1]
2408,128,[7 4 2 1 1 3 6 2 6 7 4 3 5 4 2 1]
604,64,[6 1 3 1 5 2 4 3 3 4 3 2 1 3 2 1]
5916,512,[6 4 3 1 7 3 5 2 9 6 4 1 6 2 1 2]
3580,256,[8 4 2 1 1 7 1 3 7 5 4 2 5 1 2 1]
1072,128,[1 4 2 1 4 2 3 2 7 1 4 1 5 2 1 4]
4900,512,[4 1 2 1 5 2 1 3 6 4 3 2 9 6 4 1]
2536,128,[7 4 3 1 5 3 5 4 7 6 4 2 6 3 2 1]
6904,512,[2 7 3 1 8 5 4 3 9 4 3 2 5 3 2 1]
972,64,[6 3 2 1 4 5 3 4 6 1 4 3 4 3 2 1]
792,64,[3 2 1 2 5 4 2 3 6 5 3 2 5 3 2 1]
3032,128,[7 5 3 1 1 7 5 3 7 6 3 2 5 4 2 1]
4948,512,[6 4 2 1 9 5 4 3 6 4 3 2 4 3 2 1]
4680,512,[9 2 1 4 2 4 5 3 4 6 4 2 2 3 2 1]
4216,256,[6 5 3 1 7 6 2 3 8 5 4 2 7 4 3 1]
1332,128,[4 2 4 1 5 4 5 3 7 1 4 2 5 3 2 1]
3396,256,[5 4 5 1 7 6 3 2 8 5 2 3 5 3 1 2]
724,64,[1 2 4 2 2 4 1 3 5 3 5 1 1 6 4 2]
2896,256,[5 4 3 1 4 6 5 3 8 5 3 2 6 3 2 1]
9740,1024,[ 2  1  3  1  6  3  4  3 10  5  3  2  5  4  2  1]
6360,512,[8 4 3 2 3 9 5 4 6 4 3 2 2 3 2 1]
7944,512,[5 4 3 1 8 3 4 3 9 5 3 2 8 4 2 1]
6372,512,[7 3 2 1 9 6 4 3 7 5 1 2 6 1 4 1]
3052,256,[5 6 2 1 6 5 4 3 8 4 3 2 6 3 2 1]
3216,256,[5 4 2 1 8 5 3 4 7 6 4 2 1 4 2 1]
2468,256,[5 4 2 1 6 5 4 2 8 4 2 1 3 2 1 2]
3832,256,[7 3 2 1 8 4 3 2 7 6 4 3 5 3 2 1]
3376,256,[4 6 3 2 7 2 5 3 8 5 4 2 5 4 3 1]
3100,256,[5 3 2 1 8 6 4 3 7 4 1 2 4 3 2 1]
3912,256,[7 5 3 1 1 3 5 3 7 8 4 2 6 4 3 1]
736,64,[3 1 3 1 5 3 1 3 6 5 3 1 5 2 1 2]
4728,512,[9 4 3 2 6 1 5 3 3 5 3 2 2 4 2 1]
4848,512,[5 2 4 1 1 6 5 2 5 3 2 1 9 5 1 2]
2532,256,[1 6 1 2 5 3 4 1 8 5 3 2 5 3 2 1]
2996,256,[2 6 3 1 7 2 4 3 8 5 2 1 1 3 1 2]
1336,128,[4 3 1 2 3 6 5 1 7 4 3 2 4 1 2 1]
2380,256,[4 1 2 1 5 2 1 3 8 3 4 2 6 4 3 1]
3208,256,[3 6 3 2 8 1 5 1 5 7 4 3 4 3 2 1]
3716,256,[6 3 1 3 7 6 2 1 8 5 3 2 6 3 5 1]
712,64,[3 1 3 1 5 2 4 2 6 5 3 1 4 2 1 2]
7384,512,[1 6 4 1 2 9 6 3 8 7 4 2 5 4 2 1]
1468,128,[4 1 3 2 5 3 4 3 7 6 3 2 5 3 2 1]
5320,512,[9 1 2 1 4 3 4 3 1 6 7 2 5 3 2 1]
4968,256,[1 5 1 2 7 6 3 1 8 7 4 2 7 6 5 3]
2600,256,[1 2 6 2 3 8 4 1 1 6 1 2 2 1 5 3]
2560,256,[8 5 3 1 5 3 4 2 6 5 3 1 4 2 1 2]
788,64,[4 3 2 1 5 4 1 3 6 5 4 2 4 3 2 1]
6592,512,[6 3 2 1 7 5 3 2 9 7 5 3 6 5 4 1]
3284,256,[8 5 4 1 4 7 6 4 2 5 4 3 1 2 3 2]
5548,512,[9 5 2 1 3 7 4 3 6 5 3 1 5 2 1 2]
3196,256,[5 4 2 1 8 5 4 2 7 6 2 3 1 4 1 2]
4656,512,[4 3 2 1 9 4 3 2 6 2 4 3 2 5 1 2]
4668,512,[2 5 2 1 9 3 5 3 6 4 3 2 4 1 2 1]
2480,256,[8 4 2 1 3 5 4 3 6 4 3 2 5 3 2 1]
800,64,[6 4 2 4 4 3 1 3 6 2 3 2 1 3 2 1]
2512,256,[1 4 3 1 6 3 5 2 8 5 2 1 5 2 1 2]
4296,256,[5 1 5 1 7 6 3 2 8 7 4 1 6 5 3 2]
2344,256,[1 6 2 1 3 5 4 2 8 4 2 1 4 2 1 2]
3728,256,[7 3 1 2 8 4 2 3 7 6 3 1 3 2 4 2]
1744,128,[7 5 2 1 1 6 4 3 6 5 3 2 4 3 2 1]
6772,512,[5 4 3 1 6 8 4 3 9 6 3 2 5 4 2 1]
2320,256,[2 3 2 1 6 5 3 2 8 4 2 3 4 2 1 2]
1588,128,[4 3 1 2 5 6 3 1 7 5 4 2 5 4 3 1]
644,64,[5 1 3 1 6 4 1 2 5 1 3 1 1 2 1 3]
3860,256,[7 5 4 1 4 7 5 3 8 5 3 2 5 3 2 1]
2280,256,[5 3 2 1 8 2 5 2 5 4 2 1 1 5 1 2]
2076,128,[7 6 3 2 2 7 2 3 5 4 3 2 4 3 2 1]
3804,256,[5 7 3 1 7 1 5 3 8 5 3 2 5 3 2 1]
3716,256,[6 5 4 1 8 6 5 3 7 5 3 2 5 4 2 1]
3152,256,[3 7 5 1 2 6 1 3 8 4 3 2 5 3 2 1]
2464,128,[4 2 1 4 6 7 4 2 7 3 5 1 1 4 6 3]
5528,512,[2 6 2 1 6 7 4 3 9 4 3 2 4 3 2 1]
3392,256,[5 3 2 1 6 1 4 3 7 6 3 1 8 2 4 2]
3552,256,[5 4 3 2 7 6 5 1 8 5 3 2 6 3 2 1]
6480,512,[7 6 5 1 1 9 4 3 7 6 3 1 5 4 1 2]
4508,256,[7 2 1 2 8 3 2 1 7 6 3 2 5 7 4 1]
6532,512,[3 1 3 1 8 6 4 3 9 2 3 2 6 4 2 1]
2840,128,[6 7 5 4 1 6 4 3 7 5 3 2 6 4 2 1]
1764,128,[7 4 3 2 6 5 1 3 5 6 3 2 4 3 2 1]
2696,256,[2 5 4 1 5 6 1 2 8 5 3 4 5 4 2 1]
1156,128,[1 3 2 1 4 1 5 2 7 5 4 3 4 3 2 1]
6852,512,[9 1 2 1 8 4 1 2 7 5 2 1 5 2 4 2]
7996,512,[8 1 2 4 9 3 4 3 8 4 3 2 2 6 2 1]
1072,64,[6 5 2 1 2 6 5 3 4 5 2 1 1 2 1 2]
2776,256,[5 4 3 2 1 6 4 3 6 5 3 2 8 3 2 1]
4936,512,[4 1 4 1 5 9 5 4 6 5 3 2 5 1 2 1]
2852,256,[1 7 3 2 2 3 5 1 8 1 4 3 5 4 2 1]
4996,512,[2 6 5 1 1 5 4 3 9 4 3 2 6 3 2 1]
2756,256,[8 4 1 2 6 5 4 3 5 6 3 2 1 4 2 1]
3596,256,[6 5 2 1 8 6 3 4 7 4 5 2 5 1 2 1]
2436,256,[6 3 2 1 8 1 5 2 5 4 3 1 4 3 1 2]
1132,128,[4 2 3 2 1 7 5 1 4 5 3 2 1 3 2 1]
2056,256,[1 3 4 2 5 4 3 1 8 3 1 2 4 1 2 1]
3036,256,[4 7 2 1 1 6 4 3 8 4 3 1 4 3 1 2]
1916,128,[7 5 3 1 4 6 5 3 6 5 4 2 4 3 2 1]
3268,256,[4 3 2 1 7 4 5 3 8 5 4 2 6 3 2 1]
6372,512,[4 2 1 2 9 3 2 3 8 5 3 2 3 6 4 1]
1560,128,[7 3 5 1 2 5 4 3 5 6 3 2 4 3 2 1]
4076,256,[7 5 3 1 8 6 5 3 7 5 3 2 5 3 2 1]
6268,512,[9 2 5 1 2 5 1 2 5 8 4 1 4 3 1 2]
3092,256,[2 6 3 2 7 3 4 3 8 5 3 2 4 3 2 1]
3804,256,[6 5 2 1 7 6 5 3 8 5 1 2 6 1 2 1]
3156,256,[1 7 5 3 5 8 4 2 4 6 2 1 1 2 3 2]
3480,256,[5 7 3 1 6 4 5 3 8 5 4 2 5 4 3 1]
1448,128,[7 5 3 1 1 6 4 2 5 4 3 1 4 2 1 2]
1028,64,[5 4 2 3 2 6 5 4 6 2 4 2 2 1 2 1]
3712,256,[4 2 5 2 7 5 1 3 8 7 3 2 5 3 2 1]
1468,128,[3 6 4 1 2 5 1 3 7 4 3 2 5 3 2 1]
1516,128,[1 5 3 1 2 7 6 4 4 5 4 2 2 4 2 1]
6212,512,[9 4 3 2 8 1 2 1 6 2 1 2 4 1 2 3]
5576,512,[9 5 3 2 3 1 5 3 7 5 4 2 6 4 3 1]
7792,512,[8 4 3 1 7 9 7 4 2 5 3 2 1 2 6 1]
4928,512,[1 6 2 1 6 2 5 2 9 3 1 3 5 1 2 1]
3064,256,[6 3 2 1 8 4 3 2 7 2 1 3 5 4 2 1]
3324,256,[7 4 1 2 8 5 3 1 6 1 5 3 4 5 3 1]
3152,256,[5 3 2 1 7 4 3 2 8 6 2 1 5 2 4 2]
2560,128,[7 4 3 1 4 6 5 3 7 5 4 2 6 3 2 1]
1688,128,[5 1 4 1 6 3 5 3 7 5 4 2 5 3 2 1]
2872,256,[1 3 2 1 5 1 3 2 7 5 2 3 8 2 4 2]
2948,256,[4 3 2 1 7 4 1 3 8 5 4 2 5 4 3 1]
1592,128,[4 3 1 2 7 4 5 3 6 5 2 1 5 4 3 2]
2384,128,[7 3 2 4 1 4 6 3 7 5 1 2 1 6 3 1]
748,64,[4 2 1 2 5 1 4 1 6 4 2 3 4 5 1 2]
2840,256,[8 4 3 2 3 2 5 1 1 7 4 2 5 3 2 1]
3488,256,[7 2 1 2 2 4 8 4 7 5 3 2 2 1 2 1]
4040,256,[6 4 3 1 1 7 4 3 7 6 3 1 8 3 1 2]
1668,128,[1 5 4 1 6 4 1 3 7 6 3 2 4 3 2 1]
4936,512,[3 1 3 1 2 6 5 3 9 5 3 2 6 3 2 1]
2392,128,[7 5 3 2 5 3 5 3 7 5 3 1 4 6 1 2]
3864,256,[6 5 3 1 3 8 5 3 7 6 3 2 6 5 2 1]
2552,256,[1 4 2 1 2 5 1 3 8 6 5 2 5 4 3 1]
5736,512,[6 5 3 1 7 6 2 3 9 4 1 2 5 1 3 1]
612,64,[2 3 2 1 4 1 4 3 5 4 1 2 6 1 3 1]
2148,256,[1 3 2 1 8 5 4 3 5 3 1 2 4 1 2 1]
1860,128,[5 3 1 2 6 5 2 3 7 6 4 2 5 4 2 1]
3788,256,[8 7 2 1 1 5 4 3 7 4 3 2 6 3 2 1]
6468,512,[7 4 3 1 1 9 5 3 7 6 4 2 6 5 2 1]
6520,512,[6 7 5 2 7 6 4 1 9 5 3 2 4 3 2 1]
1296,128,[1 5 4 1 3 1 5 3 7 5 4 2 3 4 2 1]
3600,256,[5 1 3 2 8 3 2 1 7 5 3 2 2 7 4 1]
1416,64,[6 5 3 1 1 6 4 3 6 5 3 2 5 4 2 1]
6280,512,[7 5 2 1 9 7 4 3 6 5 3 2 5 4 2 1]
5232,512,[9 5 3 1 7 2 5 2 5 4 3 1 2 1 4 2]
2148,128,[7 3 1 2 1 7 5 1 6 5 3 2 4 3 2 1]
4060,256,[7 3 2 1 1 7 5 3 8 6 3 2 6 3 2 1]
2388,256,[8 1 4 2 6 4 2 1 4 5 4 3 3 2 1 2]
1764,64,[6 5 6 2 3 6 5 1 6 5 1 2 5 3 2 1]
1492,128,[6 3 4 1 1 4 2 3 7 5 1 2 5 4 3 1]
5412,512,[1 7 1 2 6 1 3 1 9 3 1 2 6 1 3 1]
3052,256,[1 2 7 2 2 6 5 4 8 3 2 1 4 2 1 3]
5792,512,[5 4 2 1 9 7 4 3 6 4 6 2 5 1 2 1]
3152,256,[3 7 4 1 5 2 5 3 8 5 4 2 5 4 2 1]
3016,256,[1 7 2 1 3 6 5 3 8 1 4 1 3 2 1 2]
1564,128,[5 1 2 4 7 3 5 2 3 5 2 1 1 2 6 4]
3444,256,[8 4 3 2 7 6 4 1 6 2 5 3 2 4 2 1]
1540,128,[4 2 4 1 6 3 1 2 7 6 4 1 1 3 1 2]
5436,512,[7 6 4 1 2 5 3 2 9 4 2 1 5 2 1 3]
5508,512,[2 6 2 1 7 2 5 4 9 5 3 2 5 4 2 1]
7008,512,[1 4 3 2 7 1 5 3 8 6 3 2 9 3 2 1]
6924,512,[5 4 2 1 8 5 4 2 9 6 5 3 6 4 3 1]
5948,512,[5 4 3 1 7 5 4 3 9 7 3 2 4 3 2 1]
4700,512,[1 4 3 1 4 6 4 3 9 5 3 2 4 3 2 1]
6016,512,[6 1 3 2 9 6 5 1 6 7 1 2 4 5 2 1]
3348,256,[1 3 7 6 8 6 3 1 4 5 1 2 1 3 2 4]
1588,128,[4 1 4 1 5 3 5 2 7 6 2 1 5 4 1 2]
6900,512,[7 3 2 1 9 5 1 3 7 6 4 2 2 7 5 1]
3244,256,[3 5 3 2 6 1 5 3 7 5 3 2 8 3 2 1]
4116,256,[7 6 3 2 3 7 5 3 8 6 3 2 4 3 2 1]
5100,512,[1 5 3 2 9 6 4 3 6 5 3 2 5 4 2 1]
4604,512,[1 4 3 2 9 5 1 3 6 4 3 2 4 1 2 1]
1684,128,[4 3 2 1 7 4 3 2 6 5 4 1 2 6 1 3]
6072,512,[7 3 2 1 1 9 4 3 7 6 3 2 5 3 2 1]
1080,128,[2 1 2 1 5 2 1 3 7 4 3 2 2 5 2 1]
1788,128,[5 2 3 1 6 4 2 3 7 6 4 2 5 4 2 1]
3912,256,[7 4 2 1 1 8 4 3 7 6 5 2 5 3 2 1]
4380,256,[5 7 4 1 7 6 5 3 8 5 4 2 6 4 3 1]
7448,512,[2 6 4 3 9 7 5 1 8 6 3 2 5 4 2 1]
2784,256,[6 4 3 2 3 6 4 3 8 5 3 2 5 3 2 1]
5188,512,[4 6 2 1 6 1 5 3 9 4 3 2 6 1 2 1]
4944,512,[2 1 4 3 4 3 5 1 9 6 4 2 6 4 2 1]
2368,256,[8 3 2 1 2 5 4 3 4 3 6 2 3 1 2 1]
6084,512,[4 3 2 1 7 6 4 3 9 5 3 2 7 4 2 1]
4412,256,[7 5 4 1 8 1 6 3 7 6 4 2 6 3 2 1]
7156,512,[8 3 2 1 9 5 1 2 7 6 4 3 5 4 1 2]
3204,256,[5 3 1 2 6 5 4 1 7 4 3 2 8 3 2 1]
1456,128,[2 6 5 1 1 5 1 2 7 4 3 4 4 3 2 1]
1272,128,[2 5 4 1 4 1 5 3 7 4 3 2 5 3 2 1]
1588,128,[5 4 3 1 7 5 4 3 5 6 3 2 2 4 2 1]
1744,128,[5 3 2 1 2 6 5 3 6 7 4 2 2 4 2 1]
1012,64,[3 1 4 1 2 6 5 3 6 1 4 2 5 3 2 1]
2228,128,[5 4 3 1 6 7 4 3 7 5 3 2 4 3 2 1]
1752,128,[2 6 4 3 1 7 5 2 6 5 4 1 1 4 1 2]
5196,512,[9 4 3 2 3 7 5 4 5 4 3 2 1 3 2 1]
4552,256,[7 2 1 3 8 4 2 1 7 6 3 2 4 7 5 1]
3992,256,[3 7 3 2 7 6 5 3 8 5 3 2 5 3 2 1]
2324,256,[3 4 3 1 2 6 1 2 8 3 5 1 4 2 1 2]
4244,256,[6 7 4 1 7 6 3 2 8 5 2 3 5 4 1 2]
3416,256,[5 4 2 1 7 6 4 3 8 4 3 2 6 3 2 1]
3184,256,[8 3 2 1 7 5 4 3 6 1 3 2 5 3 2 1]
4824,512,[2 6 4 1 4 1 5 2 9 5 4 1 5 3 1 2]
3068,256,[8 6 2 1 6 3 4 3 5 6 5 2 4 2 3 1]
5736,512,[6 5 4 1 3 7 5 3 9 5 4 2 5 4 2 1]
3624,256,[5 3 2 1 7 6 5 2 8 5 4 3 6 4 2 1]
6976,512,[6 5 3 1 8 6 5 3 9 5 3 2 5 4 2 1]
6200,512,[2 7 1 3 7 6 5 2 9 5 4 1 5 1 3 2]
5832,512,[5 6 4 1 7 4 1 3 9 5 4 2 6 4 2 1]
3828,256,[2 1 3 2 1 8 4 3 8 5 3 2 5 1 2 1]
2528,256,[1 6 3 1 6 1 4 3 8 4 3 2 4 3 2 1]
1404,128,[3 2 1 2 4 3 5 1 7 4 1 5 6 1 2 1]
3548,256,[2 5 3 2 6 7 5 3 8 5 3 2 6 4 2 1]
1884,128,[6 5 4 3 5 4 2 1 7 5 3 2 6 4 2 1]
2504,256,[8 2 3 2 1 4 2 4 6 5 4 2 5 4 2 1]
5520,512,[6 1 2 1 2 7 3 2 9 6 2 1 5 3 1 2]
1492,128,[5 4 2 1 7 2 1 4 6 5 3 2 4 3 2 1]
1800,128,[2 6 5 4 1 5 6 3 7 3 4 2 2 4 3 1]
3280,256,[2 8 3 1 3 6 5 3 7 5 4 2 5 3 2 1]
668,64,[5 4 3 2 4 2 1 3 6 4 3 2 4 3 2 1]
3744,256,[7 1 2 1 8 4 3 2 7 6 4 3 4 3 2 1]
2660,256,[5 4 3 1 1 6 5 4 8 5 3 2 5 1 2 1]
2636,256,[3 5 3 1 1 6 5 3 8 5 3 2 5 3 2 1]
4584,256,[7 4 2 1 8 5 4 3 7 4 3 2 6 7 2 1]
1424,128,[6 1 3 2 7 3 1 3 5 4 3 2 2 5 2 1]
3268,256,[8 7 4 3 1 3 6 1 6 2 4 2 1 4 2 1]
7156,512,[5 4 3 1 8 1 5 2 9 6 4 1 7 3 1 2]
2036,256,[2 5 2 3 4 1 4 1 8 4 1 2 1 3 2 1]
1428,128,[3 4 2 1 6 5 1 3 7 4 3 2 5 1 2 1]
2592,128,[6 5 2 1 3 6 7 3 7 5 4 1 5 2 1 2]
2592,256,[8 4 2 1 3 1 6 3 6 5 3 2 1 3 2 1]
2996,256,[5 2 1 2 8 4 3 1 7 5 4 3 5 3 2 1]
3496,256,[8 4 2 1 6 1 5 2 7 5 4 3 3 6 3 1]
4976,512,[6 1 4 1 2 6 5 2 9 1 4 1 5 4 1 2]
4272,256,[8 4 2 1 1 8 6 4 6 4 3 2 1 3 2 1]
1952,128,[5 3 2 1 6 4 3 4 7 6 4 2 6 3 2 1]
6280,512,[7 6 5 1 2 7 4 3 9 5 3 2 5 3 2 1]
2632,256,[4 1 3 1 6 3 4 3 8 6 3 2 5 3 2 1]
1772,128,[4 2 1 3 6 5 4 1 7 6 3 2 5 3 2 1]
3908,256,[6 3 2 1 8 6 5 3 6 7 3 2 2 6 2 1]
5716,512,[9 3 2 1 6 4 3 2 7 6 5 1 5 3 1 2]
4108,256,[8 3 2 1 1 6 3 2 8 5 2 1 5 3 1 2]
2968,256,[6 5 4 2 8 2 5 1 6 5 3 2 5 3 2 1]
3260,256,[5 6 2 1 7 3 1 3 8 5 3 2 5 4 2 1]
4032,256,[7 6 2 1 2 7 5 3 8 5 4 2 5 4 3 1]
1504,128,[7 3 2 1 5 4 3 2 6 5 4 3 4 3 2 1]
2852,256,[8 5 3 2 3 2 4 3 7 1 3 2 5 3 2 1]
1508,128,[7 5 3 2 1 6 2 5 2 5 3 2 1 4 2 1]
3696,256,[7 5 4 1 8 4 5 3 7 1 4 2 4 3 2 1]
6380,512,[7 1 2 1 9 5 1 3 7 6 5 2 6 4 2 1]
908,64,[4 3 2 1 5 4 5 2 6 5 4 3 2 4 3 2]
7340,512,[7 4 2 1 2 9 6 3 8 5 4 2 6 1 2 1]
3316,256,[8 5 3 2 7 1 5 1 5 6 4 2 4 3 2 1]
3428,256,[6 4 2 1 7 5 4 3 8 4 3 2 6 3 2 1]
6328,512,[3 1 3 2 9 3 4 3 8 5 2 1 4 6 1 2]
1576,128,[7 4 2 1 3 6 4 2 6 4 2 3 4 2 1 2]
3228,256,[8 3 2 1 7 5 4 3 6 4 3 2 3 2 5 1]
1992,128,[4 3 2 1 5 4 3 2 7 5 4 3 4 7 2 1]
5696,512,[2 7 6 1 1 6 4 3 9 5 3 2 5 3 2 1]
2776,256,[4 3 5 2 6 4 3 4 8 6 1 2 5 3 2 1]
2104,128,[7 5 2 1 1 6 5 3 2 7 3 2 4 3 2 1]
1580,128,[4 2 4 1 5 3 5 2 7 4 2 3 5 6 1 2]
3456,256,[5 4 3 1 6 7 5 3 8 5 4 2 5 4 2 1]
6184,512,[4 6 2 1 2 7 5 3 9 5 1 4 2 7 2 1]
2896,256,[8 5 2 1 2 7 4 2 5 4 3 1 4 3 1 2]
3300,256,[8 2 5 4 4 7 6 3 1 4 5 2 4 3 2 1]
7920,512,[7 5 2 1 9 7 4 3 8 5 3 2 6 3 2 1]
2912,256,[6 5 1 2 5 6 2 3 8 5 4 2 5 3 2 1]
2200,128,[6 2 4 1 1 4 6 2 6 7 2 1 1 5 1 6]
1116,128,[2 4 3 2 4 2 4 3 7 5 3 2 4 3 2 1]
3328,256,[5 2 4 1 8 5 2 4 7 6 3 2 5 3 2 1]
2760,256,[8 3 2 1 1 4 3 4 7 3 4 2 2 4 3 1]
1612,128,[3 7 2 1 1 6 3 4 6 4 1 2 5 3 2 1]
4000,256,[7 6 2 1 1 7 5 3 8 5 3 2 5 3 2 1]
3280,256,[8 7 3 1 2 3 6 2 5 1 3 1 6 3 1 2]
2064,128,[3 4 6 2 6 1 5 3 7 5 3 2 6 4 2 1]
1116,64,[5 4 2 1 1 6 4 3 6 5 3 2 5 3 2 1]
2468,128,[7 3 2 1 1 6 5 2 7 5 4 3 6 4 3 1]
1612,128,[7 5 4 1 2 6 5 3 5 4 3 2 4 3 2 1]
4224,256,[7 1 2 1 8 3 1 2 7 5 2 3 3 7 1 4]
4164,256,[8 6 2 1 2 7 5 2 7 6 3 1 5 4 1 3]
4520,512,[9 1 2 1 2 6 1 2 1 4 3 1 5 2 1 4]
3192,256,[1 7 1 2 2 8 5 1 6 5 1 3 4 1 2 4]
3348,256,[5 2 4 2 6 4 2 1 8 6 1 2 7 4 2 1]
1180,128,[4 5 2 1 1 2 7 4 5 4 3 2 4 1 2 1]
6456,512,[5 3 2 1 9 4 5 2 8 5 4 3 5 4 2 1]
6004,512,[5 7 2 1 7 5 4 3 9 4 3 2 5 3 2 1]
4652,512,[9 3 2 1 6 4 3 2 5 3 1 3 4 2 3 4]
2988,256,[5 4 3 2 7 5 2 1 8 4 1 2 5 3 2 1]
7368,512,[2 6 4 3 8 4 3 2 9 6 2 1 7 5 1 2]
6464,512,[6 7 5 1 7 6 4 3 9 4 3 2 5 3 2 1]
1532,128,[4 3 2 1 7 5 1 3 5 6 4 2 1 5 2 1]
5708,512,[7 6 3 2 9 4 1 3 6 5 2 1 5 2 1 2]
1688,128,[1 4 6 4 2 6 4 3 7 5 3 2 1 2 4 1]
1520,128,[3 2 4 1 5 4 1 3 6 5 4 2 7 4 2 1]
1496,128,[7 4 2 1 2 6 5 4 5 4 3 2 4 3 2 1]
3464,256,[8 6 3 2 1 7 4 3 6 5 3 2 5 3 2 1]
6004,512,[6 3 2 1 1 9 7 2 7 4 1 3 2 5 3 1]
5608,512,[9 3 1 2 1 4 7 3 2 6 5 2 1 2 6 4]
7072,512,[3 7 2 1 1 8 6 5 9 4 3 2 4 3 2 3]
3036,256,[3 1 4 2 7 3 5 3 8 5 4 2 5 4 2 1]
3472,256,[7 6 1 2 4 1 6 1 8 5 3 2 5 4 2 1]
1716,128,[7 5 3 1 1 6 5 3 6 4 3 2 3 1 2 1]
5516,512,[5 1 2 1 6 5 3 2 9 4 1 3 4 7 5 1]
3920,256,[4 3 2 1 3 2 5 4 8 5 3 2 1 8 4 1]
3772,256,[3 8 4 2 2 5 8 1 1 4 2 3 2 1 3 2]
3268,256,[5 4 3 1 6 5 4 3 8 4 3 2 7 3 2 1]
1488,128,[2 6 5 1 5 1 4 3 7 4 3 2 4 3 2 1]
1836,128,[3 2 4 1 5 3 5 3 6 5 3 2 7 6 2 1]
4920,512,[6 4 2 1 9 3 1 3 6 5 4 2 1 4 2 1]
1472,128,[7 5 4 1 1 2 5 3 6 1 4 2 4 3 2 1]
2580,256,[3 4 3 2 5 1 5 3 6 5 3 2 8 3 2 1]
2264,128,[2 7 2 1 3 6 5 3 7 5 4 2 5 3 2 1]
2940,256,[5 3 2 1 1 7 5 3 8 5 3 2 4 3 2 1]
1436,128,[5 3 2 1 1 6 4 2 7 5 2 1 4 3 1 2]
3748,256,[5 1 2 1 7 4 3 2 8 6 1 3 1 7 2 1]
1448,128,[5 3 2 1 2 6 1 3 7 5 4 2 4 3 2 1]
2364,256,[4 2 1 2 6 3 4 1 8 5 3 2 4 3 2 1]
1772,128,[2 7 4 2 3 6 5 1 6 5 4 2 4 3 2 1]
2228,256,[1 4 3 1 3 5 4 3 8 4 3 2 5 3 2 1]
3052,256,[4 3 2 1 6 2 1 3 8 7 4 2 1 5 3 1]
1964,128,[7 6 3 1 5 2 5 3 6 5 4 2 5 4 2 1]
3196,256,[5 3 2 1 6 7 4 2 8 4 1 3 5 3 2 1]
6012,512,[5 1 4 1 7 5 1 2 9 7 4 1 5 4 1 2]
500,64,[4 3 2 1 1 6 3 4 2 1 4 1 1 3 1 2]
1984,128,[1 2 5 2 5 3 4 1 7 6 5 2 6 5 4 3]
3188,256,[5 6 4 2 7 5 2 3 8 4 1 2 4 3 2 1]
3952,256,[7 3 2 1 8 5 3 2 7 6 4 3 4 3 5 1]
1756,128,[3 6 4 1 6 2 5 3 7 4 3 2 5 3 2 1]
1688,128,[4 3 2 1 6 4 1 3 7 6 3 2 5 4 2 1]
2332,128,[7 5 4 2 5 6 2 1 2 7 3 4 1 2 5 3]
3980,256,[6 1 3 1 8 3 1 2 7 6 4 3 3 7 3 1]
2444,256,[4 1 3 2 2 3 5 3 8 6 4 2 5 3 2 1]
5304,512,[1 2 9 2 3 6 3 1 7 5 4 3 3 2 1 2]
1400,64,[6 5 3 1 1 6 4 3 6 5 3 1 5 4 1 2]
1524,128,[7 4 3 1 3 5 4 3 6 4 3 2 5 3 2 1]
1612,128,[3 1 2 1 6 4 5 2 7 5 4 3 5 4 3 1]
2724,256,[1 5 4 1 4 6 5 3 8 5 3 2 5 4 2 1]
1536,128,[7 5 2 1 6 1 5 2 5 4 2 1 4 2 1 2]
5184,512,[5 3 2 1 1 7 5 3 9 4 3 2 4 3 2 1]
2268,256,[3 2 3 2 5 1 4 3 8 5 3 2 5 4 2 1]
5268,512,[1 4 6 2 6 5 4 3 9 4 3 2 6 3 2 1]
2864,256,[4 1 2 1 7 5 3 2 8 4 2 1 5 3 1 2]
5804,512,[6 5 4 1 9 4 1 3 6 7 4 2 5 3 2 1]
3088,256,[7 4 3 1 8 1 4 2 6 5 2 1 4 2 1 3]
1764,128,[4 3 1 2 6 5 3 1 7 6 4 3 5 3 2 1]
3888,256,[2 7 5 2 7 5 3 1 8 6 4 3 1 2 3 2]
5412,512,[5 6 3 1 7 5 2 3 9 3 1 2 4 1 3 1]
2168,256,[5 3 2 1 8 5 4 3 4 1 3 2 1 3 2 1]
5464,512,[9 4 3 1 7 6 4 3 5 4 3 2 4 3 2 1]
3364,256,[8 6 4 3 2 7 3 1 5 6 1 2 1 4 3 1]
2852,256,[3 7 5 2 1 5 2 1 8 4 1 2 4 3 2 1]
2372,128,[7 2 3 2 6 5 2 3 7 6 4 2 4 3 2 1]
640,64,[2 3 2 1 6 4 5 4 2 3 2 3 1 4 3 2]
5436,512,[1 6 3 2 5 1 4 3 9 5 2 1 7 4 3 2]
3316,256,[5 3 2 1 7 4 3 2 8 6 5 3 3 5 4 1]
7948,512,[9 4 2 1 7 6 3 2 8 7 5 3 5 4 3 1]
2220,128,[7 6 4 3 6 1 7 2 4 3 2 1 1 2 1 3]
2044,128,[7 3 4 2 2 7 2 1 6 5 1 3 4 3 2 1]
5208,512,[2 4 2 1 1 9 6 3 7 3 4 2 4 1 2 1]
4936,512,[1 4 3 1 5 6 5 3 9 5 3 2 5 3 2 1]
1624,128,[6 2 1 2 7 3 2 3 6 4 3 2 3 5 4 1]
8000,512,[7 4 2 1 9 5 3 2 8 6 5 3 7 5 3 1]
1536,128,[4 3 2 1 5 6 5 2 7 5 2 1 4 2 1 2]
3272,256,[8 6 3 1 5 4 1 3 7 5 3 1 5 2 1 2]
2544,256,[3 1 4 1 6 3 5 2 8 5 3 1 5 3 1 3]
2884,256,[2 4 2 1 8 5 7 3 5 4 2 1 3 2 1 2]
10408,1024,[10  5  4  3  7  4  2  1  3  6  4  2  2  4  2  1]
2988,256,[8 3 4 1 2 7 3 2 6 4 2 1 4 2 1 3]
2056,256,[4 1 2 1 1 5 4 3 8 4 1 2 4 1 2 1]
5644,512,[5 3 2 1 7 4 1 3 9 6 4 2 6 4 3 1]
2068,128,[4 3 2 1 6 7 4 3 7 2 3 2 5 3 2 1]
3212,256,[4 7 3 1 6 5 4 3 8 4 3 2 5 3 2 1]
1488,128,[5 1 3 2 6 4 2 4 7 5 3 2 4 3 2 1]
3268,256,[6 1 3 1 8 2 1 2 7 5 2 1 2 6 1 3]
2588,128,[6 7 2 1 4 6 4 3 7 4 3 2 6 1 2 1]
3472,256,[6 5 2 1 7 6 4 3 8 4 3 2 5 3 2 1]
5788,512,[4 3 2 1 9 4 5 2 7 6 4 3 6 5 3 1]
6084,512,[9 5 2 1 8 4 3 2 4 2 1 3 3 4 2 1]
660,64,[2 1 4 1 5 3 1 2 6 5 2 1 4 3 1 3]
4484,256,[7 3 2 1 8 7 5 2 7 5 4 3 5 4 3 1]
7508,512,[1 4 3 2 9 6 4 1 8 7 5 3 6 5 4 1]
5512,512,[7 4 3 1 9 5 4 3 5 6 3 2 4 3 2 1]
3008,256,[4 1 4 1 7 2 1 2 8 6 3 4 3 4 2 1]
1888,128,[6 5 3 1 1 7 4 3 6 5 3 2 5 4 2 1]
3792,256,[6 5 2 1 7 6 4 3 8 5 3 2 6 3 2 1]
4876,512,[3 6 3 1 6 3 1 3 9 1 4 2 5 3 2 1]
3772,256,[1 8 6 1 2 7 5 2 7 4 2 1 4 3 1 3]
3368,256,[5 3 2 1 1 7 3 4 2 8 6 2 6 4 2 1]
3436,256,[5 4 5 1 7 6 4 3 8 5 3 2 5 4 2 1]
7036,512,[8 1 2 1 9 4 1 2 7 5 4 3 6 4 1 2]
5800,512,[1 7 3 1 5 6 5 3 9 5 3 2 6 4 2 1]
740,64,[5 2 4 1 1 6 3 2 5 4 1 3 4 3 2 1]
3280,256,[8 5 2 1 2 7 5 3 6 4 3 2 3 1 5 1]
2444,256,[3 1 2 1 5 3 1 3 6 4 3 2 8 5 4 1]
12204,1024,[10  4  2  1  8  5  4  3  7  4  5  2  2  6  2  1]
4764,512,[1 4 2 1 3 1 4 3 9 6 3 2 6 3 2 1]
1472,128,[7 5 4 2 1 4 6 3 3 5 3 2 2 1 4 1]
5044,512,[2 6 5 1 6 5 4 3 9 4 3 2 4 3 2 1]
7668,512,[9 3 2 1 8 4 1 3 7 6 3 2 2 7 4 1]
2012,128,[7 1 2 1 1 6 1 3 7 5 3 2 4 3 2 1]
5004,512,[9 4 3 2 3 6 5 3 6 1 3 2 5 3 2 1]
1984,128,[5 3 2 1 1 4 6 2 7 6 4 3 6 4 3 2]
3340,256,[4 2 4 2 7 6 5 1 8 5 4 2 5 3 2 1]
1772,128,[7 5 3 1 4 6 5 3 6 1 3 2 4 3 2 1]
1240,128,[3 4 3 2 4 5 4 3 7 4 3 2 5 3 2 1]
2748,128,[6 7 6 2 1 6 4 3 7 5 3 2 5 3 2 1]
5516,512,[9 3 1 3 7 5 3 2 5 2 5 1 3 6 3 2]
4036,256,[5 4 5 1 7 6 4 3 8 7 3 2 5 1 2 1]
3904,256,[7 3 2 1 8 6 5 3 5 7 4 2 1 4 3 1]
4356,256,[5 4 2 1 7 6 3 2 8 7 5 3 6 5 4 1]
5796,512,[9 5 2 1 7 6 4 3 6 5 3 2 5 1 2 1]
2168,256,[4 2 1 3 8 4 3 2 5 3 4 1 1 2 5 3]
2596,256,[8 4 6 3 3 6 2 1 1 3 5 3 2 1 3 2]
1788,128,[2 7 3 1 1 6 5 3 6 5 3 2 5 3 2 1]
4140,256,[7 5 3 1 8 6 5 3 7 5 4 2 5 3 2 1]
1484,128,[4 3 1 2 7 5 2 3 6 4 3 2 3 5 4 1]
5464,512,[1 7 4 2 2 6 5 3 9 4 3 2 5 3 2 1]
4152,256,[6 4 2 1 7 6 4 3 8 5 3 2 7 4 2 1]
3208,256,[8 4 3 2 6 7 5 3 5 4 3 2 1 3 2 1]
1788,128,[6 4 3 2 2 6 5 3 7 5 4 2 4 3 2 1]
2652,256,[3 1 4 1 6 5 3 2 8 6 1 3 4 3 2 1]
424,32,[5 3 2 1 1 5 4 3 4 3 1 2 2 4 2 1]
3312,256,[5 1 4 1 7 3 5 2 8 6 4 1 4 5 1 2]
1160,128,[5 3 2 1 7 2 4 3 5 4 3 2 1 3 2 1]
3476,256,[5 4 2 1 8 6 3 2 7 5 4 1 1 6 3 2]
6068,512,[6 4 3 1 9 5 4 2 7 6 5 3 6 3 2 1]
9144,512,[8 4 3 2 9 6 5 3 8 7 4 2 3 6 2 1]
3352,256,[8 3 2 1 7 6 4 2 6 4 2 1 2 1 5 2]
608,64,[6 3 1 4 5 1 3 2 2 3 2 1 3 4 3 2]
3560,256,[7 6 3 1 4 8 5 3 6 5 3 2 5 3 2 1]
3192,256,[5 4 2 1 2 7 3 2 1 6 5 3 8 4 2 1]
1996,128,[6 5 2 1 7 6 4 3 6 4 3 2 4 3 2 1]
2736,128,[5 7 6 2 3 6 4 1 7 5 3 2 1 3 6 1]
1884,128,[6 5 3 1 1 6 4 3 7 5 3 2 5 4 2 1]
3144,256,[8 4 3 1 7 2 4 3 2 6 5 2 4 3 2 1]
