score,max_tile,board_state
57440,4096,[12  5  3  2 10  6  4  3  8  7  5  2  7  5  4  1]
6004,512,[2 1 2 1 1 4 1 3 3 7 6 2 9 3 7 5]
14504,1024,[10  2  3  2  9  5  2  1  7  6  4  2  5  4  2  1]
13480,1024,[10  1  3  1  9  3  1  2  2  6  4  3  1  4  3  1]
22268,2048,[11  5  4  2  3  8  1  3  2  4  5  1  1  2  3  2]
9640,512,[2 3 1 2 6 5 4 6 2 9 7 9 1 2 3 5]
12140,1024,[10  3  4  2  8  5  6  1  3  7  3  4  1  4  2  1]
3636,256,[8 6 5 4 5 7 4 3 4 5 6 2 1 3 2 1]
7152,512,[9 7 6 5 2 5 8 4 1 3 4 2 2 1 3 1]
1788,128,[1 2 3 1 2 3 6 4 3 5 4 2 7 6 5 3]
1656,128,[1 2 3 1 2 4 6 2 3 6 5 1 7 4 3 2]
30700,2048,[11  5  3  2 10  6  4  3  2  7  5  2  5  3  4  1]
7008,512,[4 9 8 7 2 4 5 6 1 2 3 2 2 1 2 1]
1892,128,[7 3 1 4 6 5 3 1 5 2 4 2 4 6 5 1]
16512,1024,[10  6  5  4  9  7  4  2  8  6  2  1  1  5  3  2]
7176,512,[9 3 1 2 7 5 4 1 8 6 3 2 5 4 2 1]
27940,2048,[ 7  5  2  1  8  7  3  2  9  6  5  3  2 11  4  1]
29104,2048,[11  5  2  1  9  8  5  2  8  6  4  3  7  5  3  2]
16116,1024,[10  3  2  1  8  4  3  2  3  7  4  3  9  6  5  1]
9668,1024,[ 1  5  3  1 10  3  6  5  1  4  3  2  2  1  2  1]
28080,2048,[11  4  3  1  2  7  4  2  8  9  6  1  7  6  1  2]
13792,1024,[10  5  4  2  4  9  6  4  2  4  5  2  1  2  1  3]
12064,1024,[ 2  6  5  2  1  7  1  4 10  8  4  3  1  3  2  1]
12860,1024,[10  6  1  2  8  7  3  1  4  5  4  2  3  7  3  1]
16124,1024,[10  5  1  2  2  9  2  3  8  7  3  1  6  5  1  2]
3744,256,[1 2 3 1 2 3 2 4 4 5 7 5 8 7 5 3]
3400,256,[8 3 2 1 1 6 3 2 7 5 4 3 6 4 3 1]
3596,256,[1 2 3 1 2 3 4 6 4 5 6 5 8 7 5 3]
16368,1024,[10  3  2  1  9  4  3  2  8  6  5  3  6  7  2  1]
17648,1024,[10  4  3  2  7  5  4  3  1  9  8  2  2  8  5  1]
11424,1024,[10  1  3  2  8  3  2  1  6  5  3  2  5  4  2  1]
7196,512,[9 8 7 4 5 6 4 3 1 3 5 4 2 1 3 1]
11272,512,[9 5 4 1 1 8 6 3 9 7 3 2 3 6 2 1]
12432,1024,[10  5  3  1  8  6  5  2  7  5  2  3  5  4  3  2]
5648,512,[9 3 2 1 6 7 4 2 1 4 5 3 6 2 4 1]
5376,512,[9 7 6 4 2 4 5 3 1 3 4 2 2 1 3 1]
17796,1024,[10  4  5  2  9  8  3  1  8  6  1  2  7  3  2  1]
7512,512,[9 6 4 1 3 7 6 2 6 8 4 3 1 3 2 1]
11364,1024,[ 1  2  3  1  2  4  1  3  3  5  3  1 10  6  8  4]
21624,2048,[11  2  1  2  7  4  3  1  6  5  4  2  5  4  3  1]
16520,1024,[10  3  2  1  9  7  3  2  8  5  4  3  7  4  3  1]
22124,1024,[10  3  2  1  8  6  4  3 10  7  5  2  7  6  3  1]
27772,2048,[11  3  1  2  9  6  3  1  8  7  2  3  7  5  1  2]
14640,1024,[10  3  2  1  9  4  3  2  7  6  4  1  6  5  1  2]
25756,2048,[11  5  3  1  1  6  4  2  7  9  5  3  5  4  2  1]
8872,512,[9 4 5 1 1 6 4 3 7 8 3 2 8 4 2 1]
15472,1024,[ 1  4  3  1  2  8  5  2  1  9  6  4 10  5  2  1]
3064,256,[8 3 4 3 1 7 5 1 2 4 6 3 1 2 3 2]
9664,1024,[10  3  2  1  4  6  4  2  3  4  3  5  2  1  2  1]
5388,512,[9 1 3 1 6 5 1 2 5 7 4 1 1 4 3 2]
4880,512,[1 2 3 1 2 3 5 4 3 5 4 2 9 6 5 3]
6440,512,[1 2 3 4 2 3 4 5 3 6 8 4 4 3 1 9]
11292,512,[9 5 4 3 8 7 5 1 9 6 4 2 5 3 2 1]
5064,512,[2 1 2 1 7 4 3 2 1 3 5 4 9 4 3 1]
6616,512,[9 1 3 2 1 2 8 4 6 5 6 3 1 4 2 1]
14792,1024,[10  7  6  5  5  6  9  4  1  2  4  5  2  1  2  1]
25828,2048,[11  3  1  2  9  5  3  1  7  6  4  3  6  5  3  1]
13624,1024,[10  3  2  1  9  4  1  2  6  3  2  1  5  4  3  2]
12260,1024,[10  4  3  1  6  5  4  3  8  7  3  2  5  4  2  1]
8988,512,[2 9 1 2 1 2 3 1 2 9 7 2 1 3 5 4]
6068,512,[9 8 1 2 1 3 4 1 3 4 5 2 1 2 3 4]
14924,1024,[10  2  4  2  7  4  5  1  1  9  4  3  7  4  3  1]
3960,256,[7 4 3 1 5 8 4 2 4 7 6 3 1 2 5 2]
13212,1024,[10  3  2  1  7  6  3  2  8  7  5  3  6  5  4  2]
2828,256,[2 3 2 1 3 4 3 2 7 5 4 1 8 4 3 2]
36992,2048,[11  6  5  1 10  7  4  3  9  8  1  2  7  4  2  1]
5520,512,[9 5 4 3 5 7 6 1 2 3 2 5 1 2 3 1]
16452,1024,[10  6  5  3  1  9  7  1  8  5  4  2  2  1  6  1]
16656,1024,[10  5  4  2  9  6  5  3  8  7  4  2  6  5  2  1]
8420,512,[9 8 4 2 6 5 8 6 1 2 5 3 2 1 2 1]
12936,1024,[10  1  4  1  6  7  5  3  5  8  4  2  3  7  3  1]
16816,1024,[10  5  3  2  9  6  4  3  1  8  7  2  7  4  2  1]
16980,1024,[10  3  2  1  9  6  4  2  8  7  5  3  7  5  4  1]
6448,512,[1 3 2 1 3 4 3 5 4 1 5 1 9 8 6 3]
6412,512,[9 3 1 3 8 5 2 1 4 6 4 2 1 5 2 1]
16928,1024,[10  4  2  1  9  6  5  3  8  7  4  2  7  5  3  1]
7200,512,[9 4 3 1 1 8 5 2 7 6 2 4 2 3 5 2]
13696,1024,[10  5  4  3  4  9  6  2  2  3  4  3  1  2  1  4]
11068,512,[9 3 2 1 8 6 3 2 9 5 4 3 7 4 3 2]
7256,512,[9 5 4 3 3 7 5 2 2 6 8 4 3 4 3 1]
23292,2048,[11  1  2  1  6  7  8  5  5  4  2  3  4  2  1  2]
12660,1024,[ 1  2  4  1  2  3  5  3  5  7  4  2 10  8  7  4]
7448,512,[9 3 5 1 8 5 6 3 3 7 4 1 1 6 1 2]
11916,1024,[10  5  4  3  8  7  3  2  1  3  4  3  2  5  2  1]
10588,512,[9 3 2 1 8 4 3 2 1 9 6 3 6 5 4 1]
14564,1024,[10  6  2  1  1  7  5  3  9  6  3  2  1  3  2  1]
10880,1024,[ 1  2  3  1  2  3  4  6  3  4  7  4 10  5  6  5]
17768,1024,[10  3  2  1  8  5  3  2  9  6  1  3  8  7  3  1]
23348,2048,[11  5  3  2  4  7  4  1  6  8  3  2  4  5  2  1]
7444,512,[9 8 7 6 3 5 6 5 2 3 4 2 1 2 3 1]
16972,1024,[10  5  4  1  9  6  5  3  8  7  3  2  7  5  2  1]
14088,1024,[10  4  5  3  6  9  6  5  3  4  1  4  2  1  3  1]
6996,512,[9 5 4 2 1 2 7 8 2 1 3 2 1 3 6 1]
10148,1024,[ 1  2  4  1  3  1  3  2  1  2  5  4 10  5  7  2]
14600,1024,[10  5  1  2  7  6  3  1  6  3  4  2  3  9  3  1]
11920,1024,[10  2  4  1  4  5  3  2  7  8  4  1  2  5  1  2]
4120,256,[1 7 4 2 6 4 5 3 7 6 4 1 8 4 1 2]
16956,1024,[10  1  2  1  9  6  4  2  8  7  5  3  7  5  4  1]
7784,512,[9 6 5 4 6 7 8 3 4 6 5 2 1 2 4 1]
31444,2048,[10  5  6  1  1 11  4  3  8  4  3  2  4  3  2  1]
16528,1024,[10  3  2  1  9  6  5  3  8  7  4  2  5  6  3  1]
14460,1024,[ 1  2  5  3  4  9  7  1  5  6  4  2  1 10  3  4]
7284,512,[9 8 7 6 3 4 6 4 2 3 4 2 1 2 3 1]
14004,1024,[ 9 10  4  3  7  5  3  2  2  1  2  1  1  2  1  3]
8200,512,[9 7 8 6 4 5 6 7 2 3 5 2 1 2 3 1]
16104,1024,[10  3  2  1  9  5  3  2  8  6  4  1  7  5  1  2]
15900,1024,[ 6  5  4  3  8  6  5  2  9  5  4  1 10  4  1  2]
6444,512,[9 4 3 2 8 1 4 1 4 6 5 3 2 5 2 1]
4912,256,[8 3 2 1 6 7 4 2 5 8 5 3 4 3 2 1]
14300,1024,[10  3  2  1  6  1  4  2  9  6  5  1  6  5  4  2]
14532,1024,[10  4  2  1  1  7  4  2  6  9  5  1  5  4  3  2]
12300,1024,[10  3  1  2  8  5  3  1  7  6  5  2  5  4  3  1]
8208,512,[9 8 7 2 6 7 6 5 3 4 5 4 2 1 2 1]
14284,1024,[10  4  2  1  9  5  1  2  5  7  3  1  1  5  4  2]
12488,1024,[10  1  6  3  5  7  8  5  6  4  3  1  1  3  1  2]
3444,256,[1 2 3 2 2 3 4 3 3 5 6 1 5 6 7 8]
10344,512,[9 5 4 2 1 6 2 1 3 8 9 2 1 4 2 1]
7800,512,[9 3 1 2 8 7 3 1 7 5 4 2 6 4 3 1]
2096,128,[1 2 3 1 2 3 5 2 4 7 4 3 7 6 2 4]
15188,1024,[ 1  2  1  3  5  4  2  1  4  1  4  3 10  9  8  5]
6716,512,[1 3 2 1 7 5 3 2 8 4 2 3 9 3 1 2]
12888,512,[9 4 3 2 8 5 4 3 9 7 6 2 8 4 3 1]
14632,1024,[ 1  6  5  4  2  7  4  3  9  6  3  2 10  3  2  1]
5436,512,[1 2 1 3 2 4 5 4 5 7 6 3 9 4 3 1]
14336,1024,[10  4  2  1  1  5  3  2  9  7  5  1  4  5  4  3]
5468,512,[9 3 2 1 4 7 3 4 5 6 4 1 2 3 5 2]
31448,2048,[11  4  1  3 10  7  2  1  7  6  5  2  6  3  2  1]
12636,1024,[10  4  2  1  2  5  4  2  7  8  7  1  3  5  1  2]
17168,1024,[ 7  6  3  1  8  7  5  2  9  6  2  1 10  5  1  3]
4972,256,[8 1 2 1 3 6 4 3 8 7 3 2 6 4 2 1]
5512,512,[9 1 7 4 3 6 4 3 5 4 3 2 1 5 2 1]
14336,1024,[10  2  4  2  9  6  2  1  7  5  1  2  4  3  2  1]
14680,1024,[10  6  4  3  7  9  6  1  2  3  5  3  1  4  2  1]
7192,512,[1 9 3 2 2 8 5 4 4 7 6 3 1 2 5 1]
12232,1024,[10  3  2  1  4  6  4  2  7  8  5  1  5  4  3  2]
3260,256,[8 7 5 4 5 6 1 3 3 5 3 2 1 3 2 1]
11344,1024,[10  4  3  2  4  1  8  4  2  5  6  3  1  2  3  1]
9716,512,[9 5 3 1 7 6 4 3 9 5 3 2 6 3 2 1]
11724,1024,[10  3  1  2  5  4  3  1  8  6  4  2  6  5  1  3]
12308,1024,[ 1  4  3  2 10  5  2  3  8  7  6  2  2  6  3  1]
10816,1024,[10  4  2  1  2  6  4  2  5  7  6  3  1  5  4  2]
4152,256,[8 5 2 1 1 7 3 2 6 5 6 4 7 2 1 2]
6764,512,[9 3 4 2 2 1 5 4 8 7 3 1 1 3 1 2]
7292,512,[9 7 6 5 4 5 8 3 3 4 5 2 2 3 2 1]
21236,1024,[10  7  2  1  1  8  5  2 10  5  4  1  1  6  3  2]
11364,1024,[10  3  2  1  2  8  3  2  1  5  6  4  2  4  3  1]
16364,1024,[10  6  3  2  9  7  4  1  8  6  5  3  2  1  3  2]
27204,2048,[11  2  4  1  9  4  3  2  8  5  4  3  7  6  1  2]
9968,1024,[ 2  1  2  1  1  6  5  3  2 10  6  2  3  5  4  3]
7380,512,[7 3 2 1 9 8 1 2 2 7 2 1 3 2 4 3]
15704,1024,[10  4  2  1  1  9  3  4  8  6  5  2  6  4  3  1]
31476,2048,[11  3  2  1 10  4  3  4  2  8  5  1  1  6  4  2]
5764,512,[2 1 2 1 1 3 4 2 6 7 6 1 9 6 4 2]
11076,1024,[10  1  7  2  3  7  4  5  5  4  3  2  3  5  2  1]
11716,1024,[10  6  3  2  4  8  6  1  3  4  3  4  2  5  2  1]
5796,256,[8 5 3 2 7 6 7 3 1 8 3 2 2 6 2 1]
14992,1024,[ 2  1  4  1  1  4  2  3  7 10  3  2  9  7  6  3]
16416,1024,[ 1 10  5  3  8  6  4  1  9  7  3  2  2  6  5  1]
12576,1024,[10  6  5  3  4  8  6  1  3  7  5  4  1  4  2  1]
6756,512,[8 6 4 1 6 9 5 3 5 3 4 2 4 2 3 1]
23464,2048,[11  1  2  1  8  4  3  2  7  6  4  3  6  5  2  1]
6700,512,[9 3 2 1 2 8 3 2 7 5 1 3 1 3 4 1]
14800,1024,[10  6  5  4  9  7  4  3  4  5  6  2  1  2  3  1]
15800,1024,[10  3  2  4  1  9  8  3  7  4  3  2  1  2  5  1]
10160,512,[1 2 9 1 2 7 5 2 1 9 7 4 6 5 4 1]
25268,2048,[11  5  4  2  4  7  3  1  1  2  5  9  4  3  2  1]
6712,512,[9 6 5 1 5 8 6 4 2 3 4 3 1 2 3 1]
7504,512,[9 6 5 4 1 7 4 3 5 8 3 2 4 6 2 1]
11608,1024,[ 1  2  1  4  2  3  6  2  3  6  8  3 10  3  5  1]
11932,1024,[ 2  7  1  2  8  4  2  1  2  6  4  2 10  3  2  1]
12504,1024,[10  2  6  5  6  7  8  4  2  3  4  5  1  2  3  1]
11068,512,[9 4 5 1 2 7 3 2 9 8 2 1 6 4 1 3]
17200,1024,[10  4  3  1  9  6  5  2  8  7  4  3  7  6  2  1]
16484,1024,[10  2  3  2  9  6  5  1  8  7  4  2  6  5  3  1]
12720,1024,[ 3  1  2  1  2  3  5  3  3  4  7  5  5 10  8  7]
12072,1024,[ 1  3  2  1  2  4  5  3  4  5  7  5 10  8  1  4]
15712,1024,[ 2  7  3  1  3  8  1  2 10  4  2  4  1  2  9  3]
5080,256,[8 6 5 3 4 5 7 4 3 4 8 3 1 5 2 1]
7612,512,[9 8 7 6 4 5 6 5 2 4 5 4 1 2 3 1]
7124,512,[9 6 5 3 4 7 8 1 1 2 5 4 2 1 2 1]
7384,512,[9 5 4 3 2 8 6 2 6 7 4 1 2 4 1 2]
10956,512,[9 6 5 4 8 1 4 3 9 6 3 2 6 3 2 1]
13084,1024,[10  5  4  1  4  7  5  3  7  8  4  2  6  5  2  1]
16904,1024,[10  4  3  2  9  6  5  1  8  7  4  2  7  5  1  3]
12476,1024,[ 2  1  3  1  3  4  6  2  8  7  5  4  1 10  6  5]
12392,1024,[ 1  3  2  1  4  5  4  2  5  6  8  4 10  7  1  5]
7348,512,[3 7 6 1 1 4 8 2 2 5 9 4 1 6 2 1]
7632,512,[9 5 4 1 8 6 5 3 6 7 4 2 5 4 3 1]
7712,512,[9 6 4 2 4 1 7 1 2 7 8 3 1 2 4 2]
1272,128,[1 6 3 2 3 7 2 1 4 1 3 2 5 3 2 1]
27884,2048,[11  7  3  2  9  8  7  5  4  6  4  2  1  3  2  1]
3268,256,[7 4 3 2 5 6 8 5 3 5 3 1 1 2 1 2]
16972,1024,[10  1  8  5  5  9  5  3  4  8  4  2  1  2  3  1]
7536,512,[9 5 2 1 8 6 5 3 6 7 3 2 5 3 2 1]
26176,2048,[11  4  3  8  3  1  4  2  2  5  9  3  1  3  2  1]
15540,1024,[ 1  3  1  2  4  8  5  3  9 10  6  4  2  5  4  2]
5544,512,[9 6 3 2 2 7 4 1 1 6 3 2 2 4 2 1]
13052,1024,[ 7  4  2  1  4  7  4  2  8  6  5  3 10  5  4  1]
16144,1024,[10  3  1  2  7  5  2  3  9  6  3  1  8  5  4  3]
10448,1024,[10  1  6  1  1  4  7  5  3  5  2  3  1  2  3  2]
23776,2048,[11  6  4  1  5  7  5  3  6  8  3  2  5  4  2  1]
10568,1024,[10  6  4  2  5  7  3  5  3  2  4  2  2  5  2  1]
12432,1024,[10  1  2  1  8  5  1  3  7  6  4  1  6  5  3  2]
7212,512,[9 8 7 4 4 5 6 5 1 2 4 3 2 1 2 1]
3064,256,[1 2 1 4 3 4 2 1 5 3 1 2 8 7 6 4]
3064,256,[2 1 3 1 1 2 4 2 2 3 5 4 8 7 6 1]
7252,512,[9 6 7 4 3 5 8 5 2 3 5 1 1 2 1 2]
11496,1024,[10  3  2  1  1  4  6  2  5  8  4  1  1  2  5  3]
26904,2048,[11  4  3  1  9  7  4  2  7  6  5  3  2  7  3  2]
12380,1024,[10  6  7  6  4  1  8  4  1  3  5  3  2  1  2  1]
12892,1024,[10  5  3  1  7  6  2  4  2  8  5  1  1  7  4  2]
12872,1024,[ 1  7  2  4  2  4  7  1  3 10  5  2  4  8  6  4]
10232,1024,[10  1  3  1  7  6  4  3  3  1  3  2  2  4  2  1]
7276,512,[1 2 3 1 2 4 5 2 3 5 7 6 9 8 5 4]
5144,512,[9 4 2 1 5 1 4 3 4 3 7 2 1 5 3 1]
7208,512,[9 1 2 1 3 5 3 2 5 7 8 3 3 6 5 1]
3300,256,[8 6 7 3 3 5 3 5 2 4 5 3 1 3 2 1]
8452,512,[8 3 2 1 4 7 4 3 8 9 3 1 4 3 1 2]
25844,2048,[11  3  4  2  1  9  5  3  7  6  3  2  6  5  2  1]
12396,1024,[10  4  3  2  8  5  6  1  2  3  7  4  1  6  2  1]
16612,1024,[10  3  1  2  9  6  2  1  8  7  3  2  7  3  2  1]
17276,1024,[ 6  4  3  1  8  6  4  3  9  8  3  2 10  3  2  1]
4256,256,[8 1 5 3 2 5 8 5 3 6 3 2 1 2 4 1]
16404,1024,[ 6  5  2  1  8  7  5  3  9  6  3  2 10  3  2  1]
18012,1024,[10  4  3  1  8  6  4  2  9  7  5  3  8  5  3  2]
6536,512,[9 6 3 2 5 8 5 3 2 5 4 2 1 2 3 1]
16592,1024,[10  4  2  1  8  1  4  2  9  7  5  4  7  2  3  1]
12772,1024,[10  7  2  1  5  8  7  3  2  3  6  2  1  2  3  1]
11528,1024,[10  4  3  2  4  8  6  5  2  4  5  2  1  3  2  1]
3532,256,[8 3 1 4 1 4 2 1 7 3 7 2 1 5 3 1]
7480,512,[9 4 3 1 8 5 4 2 7 6 3 1 6 5 1 2]
32892,2048,[11  5  4  3 10  7  5  1  7  8  4  3  4  3  2  1]
15168,1024,[10  4  3  2  3  6  9  1  2  4  8  2  1  3  2  1]
10044,512,[9 3 2 1 6 5 3 2 7 9 6 3 6 5 4 1]
27380,2048,[11  7  3  1  1  6  9  2  6  4  3  8  4  3  2  1]
4176,256,[6 3 2 1 7 5 4 3 8 6 5 2 1 7 2 1]
12476,1024,[10  3  2  1  2  8  4  2  7  6  5  1  6  5  4  3]
16200,1024,[10  4  2  1  1  6  3  2  8  9  5  3  7  5  4  1]
27548,2048,[11  6  4  3  9  7  5  2  8  6  4  1  1  4  1  2]
11984,1024,[ 4  2  3  1  1  7  4  2  8  6  2  1 10  4  1  4]
7232,512,[9 5 3 2 7 6 5 1 5 8 4 2 1 3 2 1]
16348,1024,[10  3  1  3  9  6  2  1  8  7  3  2  6  5  4  1]
7244,512,[9 8 7 5 4 5 6 4 2 1 4 2 1 2 3 1]
7644,512,[9 7 8 6 4 5 6 5 3 4 5 4 1 2 3 1]
27280,2048,[11  4  2  1  9  6  4  2  8  7  5  1  5  4  3  2]
13748,1024,[10  6  5  3  2  4  9  4  3  5  3  2  2  4  2  1]
16872,1024,[10  4  1  3  9  6  2  1  8  7  5  2  7  5  3  1]
23496,2048,[11  7  5  2  5  6  8  1  4  5  4  2  3  4  2  1]
11000,1024,[10  6  3  4  6  7  6  3  2  5  4  2  1  2  3  1]
5732,512,[1 2 3 1 2 3 4 2 3 6 5 3 9 7 6 5]
25748,2048,[11  5  2  1  9  6  3  2  7  3  4  1  6  4  3  2]
29788,2048,[ 1  4  2  1  2  5  4  2 10  6  3  1 11  5  4  3]
12428,1024,[10  5  3  1  1  6  4  2  7  8  3  1  6  5  1  2]
16032,1024,[10  4  2  1  1  9  3  2  8  7  4  3  1  6  5  1]
13564,1024,[10  1  4  2  6  9  2  1  5  4  1  3  2  1  2  1]
12540,1024,[10  4  5  1  1  5  8  4  7  6  3  2  6  3  2  1]
12300,1024,[10  3  2  1  8  5  3  2  7  6  5  1  5  4  1  3]
7128,512,[9 7 6 4 4 8 4 3 2 4 5 2 1 2 1 3]
10296,1024,[ 4  3  1  2  1  4  6  4  3  7  4  1 10  3  1  3]
11416,512,[9 6 3 1 8 7 4 2 9 6 3 1 5 4 1 2]
11600,1024,[10  5  3  1  6  8  5  2  5  4  3  4  4  2  1  2]
12112,1024,[ 4  2  5  4  3  7 10  6  1  8  4  2  2  1  2  1]
15840,1024,[10  5  1  2  1  9  3  1  8  7  4  2  3  4  3  1]
3620,256,[1 7 1 2 2 5 4 1 1 2 7 2 8 5 4 3]
29276,2048,[11  4  3  2  8  7  4  3  9  5  3  2  8  7  2  1]
23368,2048,[11  7  5  3  4  8  6  4  3  4  5  3  2  1  2  1]
15424,1024,[10  8  2  5  3  9  6  4  2  4  5  2  1  3  2  1]
11232,512,[9 8 9 7 3 5 6 5 2 3 5 3 1 2 1 2]
3064,256,[1 4 5 1 3 6 4 3 7 8 3 2 2 3 2 1]
16812,1024,[10  3  2  1  9  4  1  2  8  7  4  1  7  6  5  2]
27988,2048,[11  3  4  1  9  6  5  2  8  7  4  3  7  5  2  1]
14780,1024,[10  5  1  2  2  6  5  1  7  9  4  2  6  5  2  1]
57464,4096,[12  3  2  1 10  6  3  2  8  7  5  3  7  6  4  1]
5712,256,[8 5 4 1 3 6 5 3 8 7 4 2 7 4 2 1]
18060,1024,[10  6  1  2  8  7  5  3  9  6  4  2  8  4  2  1]
7560,512,[9 5 2 1 1 7 5 2 6 8 6 3 4 3 5 1]
16448,1024,[10  1  2  1  9  7  4  2  8  5  1  3  7  3  2  1]
33896,2048,[11  3  2  1 10  8  1  2  8  6  2  1  7  5  4  3]
10516,1024,[10  2  1  2  7  4  3  1  6  5  4  2  5  4  3  1]
16432,1024,[10  5  4  3  9  6  3  2  8  7  2  1  6  5  1  2]
5428,512,[9 1 3 4 5 6 2 1 2 7 4 2 1 3 5 1]
11516,1024,[ 2  1  3  2  1  3  5  3  3  5  8  5 10  6  2  3]
13744,1024,[10  4  2  1  4  9  3  2  3  5  6  5  1  4  3  2]
2392,128,[7 5 3 5 5 6 7 1 2 4 5 2 1 2 3 1]
24264,1024,[10  4  3  2  9  5  4  3 10  7  5  2  7  6  2  1]
12424,1024,[10  6  4  1  4  8  5  3  3  7  2  1  2  6  3  2]
16804,1024,[10  5  3  2  1  8  7  1  9  6  4  3  1  7  1  2]
1408,128,[2 1 2 4 1 3 4 3 4 7 3 4 6 5 2 1]
15192,1024,[ 7  5  4  1  3  7  5  3  9  6  3  2 10  3  2  1]
15104,1024,[ 1 10  4  3  9  8  3  2  5  4  5  1  2  1  3  2]
17048,1024,[10  4  3  1  9  6  1  3  8  7  3  1  7  6  4  2]
10300,1024,[10  4  2  1  3  1  4  2  7  6  1  3  3  4  3  2]
6576,512,[1 4 1 2 6 5 4 1 1 8 6 2 2 9 2 1]
23320,2048,[11  4  2  1  1  8  3  2  7  6  5  3  1  5  4  2]
32648,2048,[11  3  4  1 10  6  5  2  8  7  4  3  6  5  2  1]
2748,256,[1 3 2 1 8 2 4 3 7 4 1 2 2 5 3 1]
6804,512,[9 8 2 1 2 7 5 3 1 2 4 2 2 5 2 1]
38064,2048,[11  5  4  1  9  6  5  3 10  8  3  2  8  7  2  1]
22676,2048,[11  5  6  5  3  4  8  3  1  3  5  2  2  1  4  1]
9584,512,[8 6 4 3 1 7 5 2 8 9 4 1 7 4 3 2]
16136,1024,[10  5  2  1  9  7  3  2  8  5  4  3  6  1  2  1]
14204,1024,[10  1  2  1  1  3  4  2  7  9  1  3  1  6  4  1]
15560,1024,[10  5  2  1  9  6  3  2  8  5  4  1  5  2  1  2]
5528,512,[9 3 2 1 5 7 3 2 2 6 5 3 1 5 4 1]
27268,2048,[11  4  1  2  9  5  2  3  8  6  3  1  7  5  4  3]
7480,512,[9 3 2 1 8 5 3 2 7 6 4 1 6 5 3 2]
14444,1024,[10  4  3  2  9  5  2  1  7  6  1  2  5  3  2  1]
15976,1024,[10  1  2  1  9  5  3  4  1  8  7  2  2  6  3  1]
5780,512,[9 6 4 2 5 4 7 6 4 5 4 2 1 2 3 1]
15276,1024,[10  1  3  1  4  8  9  6  3  5  1  2  2  1  2  1]
12228,1024,[10  3  2  1  7  5  3  2  8  6  4  1  5  4  3  2]
5256,256,[8 6 5 4 2 7 4 3 8 5 3 2 2 6 2 1]
7128,512,[1 2 3 2 4 5 4 1 3 4 8 7 9 1 6 4]
7340,512,[1 2 3 4 2 4 5 2 4 5 7 4 9 8 6 5]
22800,2048,[ 5  1  3  2  1  3  8  1  2  1  3  2 11  7  1  4]
22332,2048,[ 4  3  2  1  1  6  4  2  3  2  8  4 11  1  2  1]
9532,512,[9 5 1 2 2 6 4 1 9 7 3 2 2 6 2 1]
15448,1024,[10  7  6  3  3  9  5  1  2  7  6  2  1  2  5  1]
3156,256,[8 4 3 5 4 7 5 4 2 3 4 5 1 2 3 4]
24108,2048,[11  4  2  1  1  8  3  2  8  6  5  3  4  3  2  1]
25176,2048,[ 1  2  3  1  2  3  4  2  3  5  1  3 11  9  7  4]
12264,1024,[ 3  1  2  1  2  4  1  5  3  5  6  2 10  7  8  5]
18320,1024,[10  2  1  2  2  9  3  1  9  6  5  2  7  4  3  1]
15408,1024,[10  4  2  1  7  6  4  3  9  7  5  2  1  6  4  1]
28068,2048,[11  5  3  1  9  6  4  2  8  7  2  1  7  6  1  3]
7564,512,[6 5 4 1 7 6 5 3 1 8 4 2 9 4 3 1]
6520,512,[9 6 5 2 1 5 8 1 2 3 5 3 1 4 2 1]
7556,512,[9 7 5 1 5 8 6 5 2 3 4 6 1 2 3 1]
5704,256,[8 3 2 1 6 1 4 2 8 7 3 1 7 6 4 2]
14948,1024,[ 1  2  3  1  4  5  4  3  5  7  6  5 10  9  1  6]
11228,1024,[10  5  6  4  6  7  4  3  2  5  6  5  1  2  3  1]
16592,1024,[10  9  8  7  3  5  7  5  2  3  4  1  1  2  1  3]
3508,256,[1 2 3 1 3 4 6 4 4 5 7 2 8 6 5 3]
27936,2048,[ 7  4  3  2  8  7  4  1  9  6  3  2 11  5  2  1]
8208,512,[8 6 5 1 6 7 4 3 7 9 3 2 2 5 2 1]
11048,512,[9 1 3 1 1 8 4 2 7 6 5 3 1 9 4 1]
16176,1024,[10  4  3  1  9  7  5  2  8  6  4  3  1  5  1  2]
3120,256,[8 3 2 1 1 4 5 3 6 7 4 2 4 3 2 1]
3128,256,[1 2 3 1 2 3 5 4 4 1 4 2 8 6 7 3]
10700,1024,[10  5  4  3  2  6  5  2  5  7  4  1  1  3  5  2]
25796,2048,[11  4  3  2  1  6  4  3  5  7  6  2  4  9  3  1]
16384,1024,[10  6  5  2  2  7  4  3  6  9  3  2  2  8  2  1]
5284,512,[9 4 3 1 7 5 4 2 5 1 5 3 2 4 2 1]
5288,512,[1 4 3 1 2 3 1 7 9 5 6 1 2 4 3 2]
7384,512,[9 4 2 1 3 5 4 2 5 7 8 3 3 6 5 4]
7476,512,[9 5 4 2 1 8 5 1 7 6 4 2 6 3 2 1]
15896,1024,[ 5  3  2  1  8  4  5  2  9  7  3  1 10  4  2  3]
7104,512,[8 7 6 4 4 5 9 2 2 3 4 3 1 2 1 2]
25960,2048,[11  4  2  1  9  5  3  2  7  6  5  3  6  5  4  1]
11960,1024,[10  5  4  2  4  8  7  4  3  5  4  2  1  2  3  1]
8288,512,[9 8 7 6 6 7 6 4 2 3 4 2 1 2 3 1]
23556,2048,[11  3  2  1  6  7  4  2  4  8  5  3  2  6  4  1]
12908,1024,[10  3  1  2  7  5  3  1  8  6  4  3  7  5  3  1]
24668,2048,[11  1  2  1  3  5  4  3  2  9  6  2  1  2  4  1]
7244,512,[9 6 5 1 5 7 8 2 3 5 4 1 2 1 2 3]
16468,1024,[10  4  3  1  1  9  4  2  8  6  7  3  6  5  4  2]
4504,256,[8 6 5 2 2 8 4 3 5 6 3 2 1 2 4 1]
22148,2048,[11  1  7  4  5  7  5  3  2  3  4  5  1  2  3  4]
14860,1024,[10  4  6  5  5  9  7  4  2  4  6  2  1  2  4  1]
33856,2048,[11  5  4  2  4  6  5  3  9 10  3  2  2  4  2  1]
5804,512,[7 4 2 1 1 5 1 3 3 9 5 2 1 7 3 1]
3636,256,[7 5 3 2 5 7 4 1 4 2 3 2 8 3 2 1]
5084,512,[1 2 4 2 2 5 6 4 4 1 4 6 9 5 3 2]
5600,512,[1 3 4 3 2 4 5 4 5 6 9 7 1 2 3 5]
48092,4096,[12  4  2  1  8  7  3  2  7  6  2  3  5  4  3  1]
7332,512,[8 6 5 2 5 7 9 4 3 5 4 3 1 2 3 2]
21372,2048,[ 1  2  3  1  2  3  2  4  3  7  5  1 11  4  6  2]
13796,1024,[ 1  2  1  3  2 10  5  4  3  4  2  1  9  6  5  4]
16956,1024,[10  5  4  1  9  7  5  3  8  6  3  2  7  4  2  1]
11288,1024,[ 1 10  2  1  2  8  4  2  1  6  5  1  2  1  4  3]
16260,1024,[10  7  4  1  6  8  9  3  3  1  6  2  1  4  2  1]
11180,1024,[10  4  3  2  3  5  2  1  5  8  4  2  1  3  2  1]
15408,1024,[10  4  3  2  8  6  4  3  5  4  9  2  3  1  4  1]
37908,2048,[11  5  2  1 10  7  3  2  9  8  5  3  8  5  4  1]
32956,2048,[11  8  7  1  6  7 10  4  4  5  4  3  3  1  2  1]
17316,1024,[10  5  4  2  9  6  5  1  8  7  4  2  7  6  3  1]
14188,1024,[10  5  2  1  8  6  3  2  7  8  4  1  6  5  3  2]
7152,512,[9 2 8 6 3 4 5 7 2 3 4 5 1 2 3 1]
8212,512,[9 8 2 8 4 5 6 4 2 4 5 3 1 3 1 2]
3124,256,[7 6 4 3 4 8 5 4 1 3 4 3 2 1 3 2]
7396,512,[4 1 6 9 3 5 8 7 2 3 4 6 1 2 3 4]
30868,2048,[11  6  4  3  2  7  6  2  5 10  4  1  1  2  5  2]
7244,512,[1 2 3 1 2 4 5 3 4 6 4 1 9 8 7 5]
16384,1024,[10  4  2  1  9  6  4  3  8  7  5  2  1  6  2  1]
7324,512,[9 8 7 6 1 5 6 4 2 3 4 2 1 2 3 1]
14816,1024,[ 9  3  5  4 10  7  6  2  2  4  5  6  1  2  3  4]
3128,256,[8 7 6 4 3 4 5 3 2 3 4 2 1 2 3 1]
16232,1024,[10  4  3  1  9  5  2  3  8  6  4  2  7  5  3  1]
14848,1024,[10  6  5  4  4  7  9  3  3  6  5  2  1  2  4  1]
2028,128,[3 5 4 5 1 7 1 4 7 5 3 2 3 4 2 1]
5164,512,[4 3 2 1 2 5 4 5 3 4 7 2 9 1 3 1]
32428,2048,[11  4  1  2 10  6  3  1  8  7  4  2  6  4  3  1]
12100,512,[9 5 1 3 8 6 2 1 9 7 4 2 7 6 3 1]
5216,256,[8 4 2 3 6 5 4 1 8 7 3 2 6 5 2 1]
3408,256,[8 1 4 1 4 7 5 6 2 6 4 3 1 3 2 1]
28072,2048,[11  3  2  3  9  6  5  1  8  7  1  2  7  6  2  1]
14324,1024,[10  1  7  2  5  9  5  4  4  5  4  2  1  3  2  1]
3700,256,[1 8 4 7 4 5 7 3 2 4 5 4 1 2 3 1]
5536,512,[9 1 3 2 1 3 4 1 6 7 3 2 5 6 2 1]
16320,1024,[10  3  2  1  9  7  4  2  8  6  1  3  6  5  2  1]
7080,512,[1 3 2 1 9 8 4 2 1 7 5 3 3 6 4 2]
7432,512,[9 3 2 1 8 5 4 2 1 7 6 1 6 5 3 2]
27788,2048,[11  6  4  1  9  7  5  3  8  6  4  2  6  3  2  1]
16592,1024,[10  5  4  1  9  6  5  3  8  7  3  2  6  5  2  1]
14796,1024,[10  3  2  4  9  5  3  1  7  6  5  2  6  3  2  1]
23640,2048,[11  4  1  2  8  6  2  1  6  7  4  3  5  4  5  1]
2816,256,[8 3 1 2 7 1 3 1 4 5 4 3 2 4 3 1]
10040,1024,[ 3  2  1  3  5  3  4  1  1  7  3  2 10  3  4  1]
7492,512,[9 6 4 3 5 7 8 2 2 4 5 6 1 2 4 1]
5300,512,[9 5 3 5 3 4 7 3 2 3 4 5 1 2 3 1]
14312,1024,[10  7  5  4  9  3  1  3  3  6  4  1  1  2  1  2]
16528,1024,[10  4  1  2  9  6  5  1  8  7  3  2  6  5  2  1]
12324,1024,[ 2  3  2  1  1  2  5  2  4  5  7  4 10  8  5  6]
16908,1024,[10  5  4  3  1  9  7  2  7  8  5  1  1  2  6  2]
11880,512,[9 3 2 1 8 6 5 3 9 7 4 1 7 5 1 2]
11836,512,[9 6 5 1 8 7 3 2 9 5 2 1 3 7 3 2]
7068,512,[1 9 2 1 2 8 4 2 3 7 6 3 1 5 4 2]
9564,512,[9 5 1 2 7 6 3 1 9 5 4 2 5 4 2 3]
27608,2048,[11  8  9  6  5  7  6  4  2  4  5  3  1  2  3  2]
9596,1024,[ 2  3  2  1  1  2  4  3  2  5  6  1 10  1  4  3]
16456,1024,[10  6  2  1  2  7  5  2  8  9  3  1  2  6  5  2]
4336,256,[8 3 2 1 6 1 4 2 8 3 5 3 3 6 2 1]
31428,2048,[ 3  8  4  3  1  2 10  2 11  5  6  3  1  3  2  1]
3104,256,[8 5 3 1 1 6 4 2 7 3 2 1 1 4 3 2]
11244,1024,[ 4 10  5  3  1  7  4  1  7  5  6  3  1  2  4  1]
7088,512,[1 4 3 2 7 8 2 1 1 6 5 3 9 4 3 1]
3376,256,[8 1 6 4 3 7 5 3 2 3 6 4 1 2 3 2]
14728,1024,[ 4 10  6  5  3  9  7  6  2  3  5  2  1  2  3  1]
2644,128,[7 6 7 6 3 1 6 5 2 3 4 1 1 2 3 2]
7092,512,[1 2 4 1 2 3 6 4 3 8 5 3 9 7 1 4]
16292,1024,[10  4  2  1  9  5  1  2  8  6  5  1  7  4  3  2]
30540,2048,[11  4  2  1 10  7  4  2  5  6  2  3  1  4  1  4]
7504,512,[9 3 2 1 8 5 4 2 3 7 6 3 6 5 4 1]
11892,1024,[ 1  2  1  2  2  3  4  3  1  4  5  1 10  8  7  5]
9224,512,[1 9 3 1 2 7 4 3 3 9 6 2 2 3 4 1]
3160,256,[1 2 3 4 2 5 4 6 1 7 8 3 2 1 5 2]
14740,1024,[10  4  1  2  9  5  3  1  7  6  4  2  6  5  2  1]
12348,1024,[ 8  4  6  2  1  7  5  3  6  1  3  1 10  3  1  2]
25200,2048,[11  4  3  2  4  7  9  5  2  5  1  2  1  2  3  1]
11452,1024,[10  8  6  5  3  4  5  4  2  3  4  3  1  2  3  1]
5016,256,[8 7 8 5 4 6 5 3 1 3 4 5 2 1 3 2]
6652,512,[9 4 3 1 1 6 5 2 8 4 3 4 1 6 2 1]
7148,512,[9 6 4 3 6 8 5 1 5 6 4 2 1 5 3 1]
16204,1024,[10  4  2  1  9  5  4  2  8  6  2  3  7  5  3  2]
13284,1024,[ 7  4  2  1  6  7  4  3  8  6  5  2 10  5  3  1]
12456,1024,[ 5  4  3  2  8  5  4  1  7  6  5  3 10  5  4  1]
16448,1024,[10  3  1  2  1  8  6  1  9  7  5  3  6  5  4  2]
14832,1024,[ 9  6 10  6  4  5  3  7  3  4  5  3  1  3  2  1]
7636,512,[9 8 1 6 6 7 5 1 2 4 6 3 1 2 3 4]
9720,512,[9 7 6 5 5 6 9 2 2 1 4 3 1 3 2 1]
14396,1024,[10  3  2  1  9  5  4  3  5  7  5  2  4  5  4  1]
22552,2048,[11  3  1  3  1  8  4  1  5  6  5  2  2  4  3  1]
15348,1024,[10  3  4  2  8  6  9  1  2  3  5  3  1  2  4  2]
11476,512,[9 4 3 1 8 6 5 2 9 7 4 3 6 5 3 2]
15940,1024,[10  3  2  1  9  7  3  2  8  5  4  3  5  4  3  1]
26232,1024,[10  3  2  1  9  8  4  2 10  6  5  3  8  5  4  1]
15144,1024,[10  8  5  3  1  4  9  4  4  3  4  3  1  2  3  1]
15744,1024,[10  5  8  4  3  9  6  3  2  6  5  2  1  2  3  1]
27280,2048,[11  6  5  4  8  7  4  3  5  9  3  2  1  3  2  1]
11192,1024,[10  4  3  2  4  5  4  3  3  8  3  2  2  5  2  1]
6744,512,[9 3 6 5 5 6 4 2 4 8 3 1 3 2 1 2]
6100,512,[9 5 4 6 4 6 7 3 1 4 6 5 2 1 3 1]
27396,2048,[ 6  5  4  1  2  7  5  3  9  8  4  2 11  5  2  1]
16480,1024,[10  6  2  1  9  7  3  2  8  6  5  3  1  5  4  1]
14956,1024,[10  6  3  1  9  7  4  3  2  4  7  2  1  3  2  1]
15600,1024,[10  5  4  3  9  6  2  1  2  8  3  2  6  3  2  1]
10676,1024,[ 3  2  1  2  4  3  5  1  7  6  4  2 10  3  6  1]
13172,1024,[10  5  3  1  7  6  5  2  8  7  2  1  6  3  1  3]
16184,1024,[10  3  2  1  9  5  4  2  8  6  5  1  7  4  3  2]
4304,512,[2 3 2 1 9 4 1 4 3 5 4 3 1 2 3 2]
16176,1024,[ 1  4  3  1 10  5  7  2  9  8  5  3  2  6  1  2]
5144,256,[8 5 4 3 7 6 3 2 6 4 2 1 4 8 1 2]
13556,1024,[10  3  2  1  9  6  4  2  2  4  1  3  1  5  2  1]
24800,2048,[11  6  3  5  4  5  9  4  2  3  4  2  1  2  1  3]
15568,1024,[10  3  5  4  4  8  9  3  2  6  5  1  1  2  1  5]
2332,128,[2 4 3 1 3 6 7 4 7 5 6 2 1 3 2 1]
8092,512,[9 5 2 1 7 6 4 3 8 7 3 2 6 3 2 1]
14864,1024,[10  3  4  1  2  1  7  3  9  5  4  2  5  7  2  1]
12224,1024,[10  6  3  1  3  8  4  2  4  7  5  3  2  5  4  2]
10652,512,[9 5 4 3 8 6 5 2 9 5 4 1 4 3 1 2]
24548,2048,[11  4  2  1  2  6  5  2  3  8  4  3  8  6  1  2]
16784,1024,[10  4  3  2  8  7  4  1  9  6  3  2  7  3  2  1]
11148,1024,[ 7  6  5  4  3  4 10  1  2  3  7  4  1  4  2  1]
24032,2048,[11  4  2  1  1  6  3  2  8  7  5  3  7  5  4  2]
5900,512,[9 2 4 3 7 3 5 1 4 1 4 2 5 7 2 1]
11044,1024,[ 1  2  3  4  5  4  5  3  2  3 10  7  1  5  7  1]
28240,2048,[11  3  2  1  9  6  3  2  8  7  4  3  7  6  5  1]
14400,1024,[10  9  3  2  2  7  5  3  5  6  3  2  1  4  2  1]
13564,1024,[10  3  2  1  2  4  3  2  9  6  4  1  2  5  3  2]
23024,2048,[11  4  3  1  5  8  4  2  4  7  5  3  3  2  1  2]
7704,512,[9 6 5 1 1 7 4 3 8 6 3 2 6 3 2 1]
27504,2048,[11  3  2  1  1  9  6  2  8  7  5  3  6  5  4  1]
7136,512,[5 4 3 1 1 7 4 2 8 6 3 1 9 5 1 2]
9460,512,[9 4 1 2 4 6 5 1 9 7 3 2 5 3 2 1]
15668,1024,[10  4  3  1  9  5  1  2  8  6  2  1  6  4  3  2]
25948,2048,[ 7  6  4  1  5  9  5  3  2  6  3  2 11  5  2  1]
15732,1024,[10  4  1  2  9  5  4  1  2  8  6  2  1  6  5  1]
3572,256,[8 6 5 4 4 7 6 3 3 5 4 2 1 2 3 1]
18656,1024,[10  6  5  3  4  9  7  9  2  3  6  3  1  4  2  1]
23456,2048,[ 1  2  4  2  2  4  5  3  3  5  6  4 11  8  7  5]
